filename,stream_path,module_name,code,line_count
xl/vbaProject.bin,VBA/CopyOutput,CopyOutput.bas,"Attribute VB_Name = ""CopyOutput""
Sub Recordoutput()
'Updated by MRG 12/13
    
    frm1CopyOutput.Show
End Sub

Sub CreateFile(strName As String)
    Dim thisWb As Workbook
    Dim wbName As String
    Dim wbName_new As String
    Dim g_dtNow         As Date
    
    g_dtNow = Now
    
    Set thisWb = ActiveWorkbook
    wbName = ActiveWorkbook.Name
      
    Dim DirFile As String    ' check to see if file already exists
    
    DirFile = thisWb.Path & ""\"" & strName & "".xlsx""

If Len(Dir(DirFile)) = 0 Then
    Workbooks.Add
    ActiveWorkbook.SaveAs fileName:=thisWb.Path & ""\"" & strName
    
    wbName_new = ActiveWorkbook.Name

    Workbooks(wbName).Activate
    Sheets(""OUTPUT"").Select
    Range(""A1"").Select
    Range(Selection, ActiveCell.SpecialCells(xlLastCell)).Select
    Selection.Copy
    Workbooks(wbName_new).Activate
    Sheets(""Sheet1"").Select
    Selection.PasteSpecial Paste:=xlValues, Operation:=xlNone, SkipBlanks:= _
        False, Transpose:=False
    Selection.PasteSpecial Paste:=xlPasteColumnWidths, Operation:=xlNone, _
        SkipBlanks:=False, Transpose:=False
    Selection.PasteSpecial Paste:=xlPasteFormats, Operation:=xlNone, _
        SkipBlanks:=False, Transpose:=False
    Range(""A1"").Select
    Application.CutCopyMode = False
    ActiveCell.FormulaR1C1 = ""Recorded Output  "" & g_dtNow
    Range(""A1"").Select
    Selection.Font.Bold = True
    Selection.Font.ColorIndex = 3
    Windows.Arrange ArrangeStyle:=xlVertical
    Workbooks(wbName).Activate
    Range(""A1"").Select
Else
    MsgBox ""File Already Exists, Enter Unique Name""
End If
    
End Sub




    






",67
xl/vbaProject.bin,VBA/ThisWorkbook,ThisWorkbook.cls,"Attribute VB_Name = ""ThisWorkbook""
Attribute VB_Base = ""0{00020819-0000-0000-C000-000000000046}""
Attribute VB_GlobalNameSpace = False
Attribute VB_Creatable = False
Attribute VB_PredeclaredId = True
Attribute VB_Exposed = True
Attribute VB_TemplateDerived = False
Attribute VB_Customizable = True






































",47
xl/vbaProject.bin,VBA/Sheet1,Sheet1.cls,"Attribute VB_Name = ""Sheet1""
Attribute VB_Base = ""0{00020820-0000-0000-C000-000000000046}""
Attribute VB_GlobalNameSpace = False
Attribute VB_Creatable = False
Attribute VB_PredeclaredId = True
Attribute VB_Exposed = True
Attribute VB_TemplateDerived = False
Attribute VB_Customizable = True
Option Explicit

Public Sub cmdCompSelect_Click()
    If (1 = ThisWorkbook.Names(""design_type"").RefersToRange) Then
        Call CheckOptimalFit(""inp_autosize_pressure"", ""inp_used_pressure"", ""AutosizeInteractive"")
    End If
    If (2 = ThisWorkbook.Names(""design_type"").RefersToRange) Then
        Call CheckOptimalFit(""inp_autosize_gravity"", ""inp_used_gravity"", ""AutosizeInteractiveA"")
    End If
    Call CompSelect
End Sub

Public Sub cmdClearDesign_Click()
    Call ClearDesign
    If (1 = ThisWorkbook.Names(""design_type"").RefersToRange) Then
        Call ShowOneAutosize(True)
    Else
        Call ShowOneAutosize(False)
    End If
    If Range(""use_autosize"") = ""yes"" And (1 = ThisWorkbook.Names(""design_type"").RefersToRange) Then
        Call AutoSizeInteractive
    End If
    If Range(""use_autosizeA"") = ""yes"" And (2 = ThisWorkbook.Names(""design_type"").RefersToRange) Then
        Call AutoSizeInteractiveA
    End If
End Sub

Public Sub CommandButton1_Click()
    Call Design1Interactive
    If (1 = ThisWorkbook.Names(""design_type"").RefersToRange) Then
        Call ShowOneAutosize(True)
    Else
        Call ShowOneAutosize(False)
    End If
    If Range(""use_autosize"") = ""yes"" And (1 = ThisWorkbook.Names(""design_type"").RefersToRange) Then
        Call AutoSizeInteractive
    End If
    If Range(""use_autosizeA"") = ""yes"" And (2 = ThisWorkbook.Names(""design_type"").RefersToRange) Then
        Call AutoSizeInteractiveA
    End If
End Sub

Public Sub CommandButton2_Click()
    Call Design2Interactive
    If (1 = ThisWorkbook.Names(""design_type"").RefersToRange) Then
        Call ShowOneAutosize(True)
    Else
        Call ShowOneAutosize(False)
    End If
    If Range(""use_autosize"") = ""yes"" And (1 = ThisWorkbook.Names(""design_type"").RefersToRange) Then
        Call AutoSizeInteractive
    End If
    If Range(""use_autosizeA"") = ""yes"" And (2 = ThisWorkbook.Names(""design_type"").RefersToRange) Then
        Call AutoSizeInteractiveA
    End If
End Sub

Public Sub CommandButton3_Click()
    Call Design3Interactive
    If (1 = ThisWorkbook.Names(""design_type"").RefersToRange) Then
        Call ShowOneAutosize(True)
    Else
        Call ShowOneAutosize(False)
    End If
    If Range(""use_autosize"") = ""yes"" And (1 = ThisWorkbook.Names(""design_type"").RefersToRange) Then
        Call AutoSizeInteractive
    End If
    If Range(""use_autosizeA"") = ""yes"" And (2 = ThisWorkbook.Names(""design_type"").RefersToRange) Then
        Call AutoSizeInteractiveA
    End If
End Sub

Public Sub CommandButton4_Click()
    Call Design4Interactive
    If (1 = ThisWorkbook.Names(""design_type"").RefersToRange) Then
        Call ShowOneAutosize(True)
    Else
        Call ShowOneAutosize(False)
    End If
    If Range(""use_autosize"") = ""yes"" And (1 = ThisWorkbook.Names(""design_type"").RefersToRange) Then
        Call AutoSizeInteractive
    End If
    If Range(""use_autosizeA"") = ""yes"" And (2 = ThisWorkbook.Names(""design_type"").RefersToRange) Then
        Call AutoSizeInteractiveA
    End If
End Sub

Public Sub CommandButton5_Click()
    Call Design5Interactive
    If (1 = ThisWorkbook.Names(""design_type"").RefersToRange) Then
        Call ShowOneAutosize(True)
    Else
        Call ShowOneAutosize(False)
    End If
    If Range(""use_autosize"") = ""yes"" And (1 = ThisWorkbook.Names(""design_type"").RefersToRange) Then
        Call AutoSizeInteractive
    End If
    If Range(""use_autosizeA"") = ""yes"" And (2 = ThisWorkbook.Names(""design_type"").RefersToRange) Then
        Call AutoSizeInteractiveA
    End If
End Sub

Public Sub CommandButton6_Click()
    Call Design6Interactive
    If (1 = ThisWorkbook.Names(""design_type"").RefersToRange) Then
        Call ShowOneAutosize(True)
    Else
        Call ShowOneAutosize(False)
    End If
    If Range(""use_autosize"") = ""yes"" And (1 = ThisWorkbook.Names(""design_type"").RefersToRange) Then
        Call AutoSizeInteractive
    End If
    If Range(""use_autosizeA"") = ""yes"" And (2 = ThisWorkbook.Names(""design_type"").RefersToRange) Then
        Call AutoSizeInteractiveA
    End If
End Sub

Public Sub CommandButton7_Click()
    Call Design7Interactive
    If (1 = ThisWorkbook.Names(""design_type"").RefersToRange) Then
        Call ShowOneAutosize(True)
    Else
        Call ShowOneAutosize(False)
    End If
    If Range(""use_autosize"") = ""yes"" And (1 = ThisWorkbook.Names(""design_type"").RefersToRange) Then
        Call AutoSizeInteractive
    End If
    If Range(""use_autosizeA"") = ""yes"" And (2 = ThisWorkbook.Names(""design_type"").RefersToRange) Then
        Call AutoSizeInteractiveA
    End If
End Sub

Public Sub CommandButton8_Click()
    Call Design8Interactive
    If (1 = ThisWorkbook.Names(""design_type"").RefersToRange) Then
        Call ShowOneAutosize(True)
    Else
        Call ShowOneAutosize(False)
    End If
    If Range(""use_autosize"") = ""yes"" And (1 = ThisWorkbook.Names(""design_type"").RefersToRange) Then
        Call AutoSizeInteractive
    End If
    If Range(""use_autosizeA"") = ""yes"" And (2 = ThisWorkbook.Names(""design_type"").RefersToRange) Then
        Call AutoSizeInteractiveA
    End If
End Sub

Private Sub ShowOneAutosize(UsePressure As Boolean)
    Dim PressureSetting As MsoTriState
    Dim GravitySetting As MsoTriState
    
    If UsePressure Then
        PressureSetting = msoCTrue
        GravitySetting = msoFalse
    Else
        PressureSetting = msoFalse
        GravitySetting = msoCTrue
    End If
    
    With Me
        .Shapes(""cmdAutosize"").Visible = PressureSetting
        .Shapes(""cmdAutosizeA"").Visible = GravitySetting
    End With
End Sub

Public Sub cmdAutoSize_Click()
    Call AutoSizeInteractive
    Call CompSelect
End Sub

Public Sub cmdAutoSizeA_Click()
    Call AutoSizeInteractiveA
    Call CompSelect
End Sub

Public Sub cmdTDB_Click()
    frmTDBlink.Show
End Sub

",188
xl/vbaProject.bin,VBA/Sheet12,Sheet12.cls,"Attribute VB_Name = ""Sheet12""
Attribute VB_Base = ""0{00020820-0000-0000-C000-000000000046}""
Attribute VB_GlobalNameSpace = False
Attribute VB_Creatable = False
Attribute VB_PredeclaredId = True
Attribute VB_Exposed = True
Attribute VB_TemplateDerived = False
Attribute VB_Customizable = True
Option Explicit

Public Sub cmdFactoryDefaults_Click()
    Call FactoryDefaults
End Sub
",14
xl/vbaProject.bin,VBA/Sheet11,Sheet11.cls,"Attribute VB_Name = ""Sheet11""
Attribute VB_Base = ""0{00020820-0000-0000-C000-000000000046}""
Attribute VB_GlobalNameSpace = False
Attribute VB_Creatable = False
Attribute VB_PredeclaredId = True
Attribute VB_Exposed = True
Attribute VB_TemplateDerived = False
Attribute VB_Customizable = True






































",47
xl/vbaProject.bin,VBA/Sheet4,Sheet4.cls,"Attribute VB_Name = ""Sheet4""
Attribute VB_Base = ""0{00020820-0000-0000-C000-000000000046}""
Attribute VB_GlobalNameSpace = False
Attribute VB_Creatable = False
Attribute VB_PredeclaredId = True
Attribute VB_Exposed = True
Attribute VB_TemplateDerived = False
Attribute VB_Customizable = True
Option Explicit

Public Sub cmdCompSelect_Click()
    If (1 = ThisWorkbook.Names(""design_type"").RefersToRange) Then
        Call CheckOptimalFit(""inp_autosize_pressure"", ""inp_used_pressure"", ""AutosizeInteractive"")
    End If
    If (2 = ThisWorkbook.Names(""design_type"").RefersToRange) Then
        Call CheckOptimalFit(""inp_autosize_gravity"", ""inp_used_gravity"", ""AutosizeInteractiveA"")
    End If
    Call CompSelect
End Sub
",20
xl/vbaProject.bin,VBA/WBSCompSelect,WBSCompSelect.bas,"Attribute VB_Name = ""WBSCompSelect""
Option Explicit

' CompSelect.bas: Component Selection module, based on the component selection
' algorithm in cu-life.
'
' The CompSelect macro is the entry point to all of this code.  It uses the
' appropriate priority lookup column for the component level and system size
' category to fill in the entries for the Use column.  Possible entries for
' Use include the following (defined in constants, below):
'   """" - (blank) No component or zero quantity on this row
'    1 - use this component
'    0 - don't use this component
'    x - no component was available for this WBS; cu-life should issue a
'        ""contact vendor"" error
'   ec - Excel error in the cost for this component; cu-life should issue
'        the corresponding error
'   ep - Excel error in the priority lookup for this component; cu-life should'
'        issue the corresponding error
' The only numeric entries are 1 and 0, so that we can use the SUMPRODUCT
' worksheet function to compute the total direct cost of the system.

Private Const USE_YES As Long = 1
Private Const USE_NO As Long = 0
Private Const USE_UNAVAIL As String = ""x""
Private Const USE_COSTERR As String = ""ec""
Private Const USE_PRIERR As String = ""ep""

Private Const COL_WBS As Long = 1
Private Const COL_QTY As Long = 3
Private Const COL_TOT_COST As Long = 10
Private Const COL_USE As Long = 12
Private Const COL_PRI_START As Long = 14

Public Sub CompSelect()
    Dim wsOutput As Worksheet
    Dim rngOutput As Range
    Dim vntOutput As Variant
    Dim lPriLookupCol As Long
    Dim rngUseCol As Range
    Dim lNRows As Long
    Dim lFirstRow As Long, lLastRow As Long
    Dim DidIncrementRow As Boolean
    Dim dQuantity As Double
    Dim sThisWBS As String
    Dim vntUse() As Variant
    Dim rngUse As Range
    Dim lRowIndx As Long
    Dim lCompRow As Long
    
    Set wsOutput = ThisWorkbook.Worksheets(""OUTPUT"")
    With wsOutput
        Set rngOutput = .Range(""output_db"")
    End With
    With rngOutput
        vntOutput = .Value
        lNRows = .Rows.Count
        Set rngUse = .Columns(COL_USE)
    End With
    
    ' Determine what priority lookup column to use
    lPriLookupCol = GetPriLookupCol()
    If lPriLookupCol = 0 Then Exit Sub  ' couldn't read component level or system size, no point in continuing
    
    ' Prepare the ""use"" column by setting all cells to Empty, to begin with
    ReDim vntUse(1 To lNRows, 1 To 1) As Variant
    For lRowIndx = 1 To lNRows
        vntUse(lRowIndx, 1) = Empty
    Next lRowIndx
    
    ' Get ready to loop through the output, selecting components
    lFirstRow = 1
    Do
        DidIncrementRow = False
        ' Check whether the current FirstRow points to an item with nonzero qty
        dQuantity = SafeVntValueD(vntOutput(lFirstRow, COL_QTY))
        If dQuantity > 0# Then
            ' Now make sure there is a valid WBS
            sThisWBS = SafeVntValueS(vntOutput(lFirstRow, COL_WBS))
            If Len(sThisWBS) > 0 Then
                ' Find the last row with the same WBS number
                lLastRow = lFirstRow
                Do
                    lLastRow = lLastRow + 1
                Loop Until SafeVntValueS(vntOutput(lLastRow, 1)) <> sThisWBS
                lLastRow = lLastRow - 1
                
                ' now we know what set of components to consider; select the
                ' correct one, and fill vntUse appropriately, with
                ' GetComponentRow.
                Call GetComponentRow(vntOutput, lPriLookupCol, _
                                     lFirstRow, lLastRow, vntUse)
                
                ' Indicate that we incremented LastRow.
                DidIncrementRow = True
            End If ' wbs is available
        End If ' quantity is numeric
        
        ' Reset LastRow, if necessary.
        If Not DidIncrementRow Then
            lLastRow = lFirstRow
        End If
        ' And set FirstRow one past LastRow.
        lFirstRow = lLastRow + 1
    Loop While lFirstRow < lNRows
    
    ' Now that we're through the component selection loop, drop vntUse into the
    ' appropriate column.  The formula for direct cost will do the rest.
    rngUse.Value = vntUse
    
    '***jmfd added StoreInputs call 2-17-06
    ' Finally, store the inputs we used to generate this cost.
    Call StdDesign.StoreInputs
End Sub

' PriLookupCol looks at the system size and component level (as set in the
' ranges ss_cat2 and component_level) to determine which priority lookup column
' we should use for component selection.  It is called once at the beginning of
' CompSelect.  It returns the column number within the range output_db.  If
' there is some problem with the size or component level (not impossible, since
' component_level is a user input) it brings up an error dialog and returns 0.
Private Function GetPriLookupCol() As Long
    Dim rngSize As Range
    Dim rngCompLevel As Range
    Dim lSizeCat As Long        ' system size: 1 small, 2 mid, 3 large
    Dim lCompLevelCat As Long   ' comp level: """" (0) lo, 1 mid, 2 hi
    Dim lPriCol As Long
    Dim HitBadValue As Boolean
    
    HitBadValue = False
    With ThisWorkbook.Names
        Set rngSize = .Item(""ss_cat2"").RefersToRange
        Set rngCompLevel = .Item(""component_level"").RefersToRange
    End With
    lSizeCat = SafeVntValueL(rngSize.Cells(1, 1).Value)
    lCompLevelCat = SafeVntValueL(rngCompLevel.Cells(1, 1).Value)
    
    ' Find the Lo column for the system size...
    Select Case lSizeCat
    Case 1
        lPriCol = COL_PRI_START
    Case 2
        lPriCol = COL_PRI_START + 3
    Case 3
        lPriCol = COL_PRI_START + 6
    Case Else
        HitBadValue = True
    End Select
    
    ' ...and modify per the component level.
    Select Case lCompLevelCat
    Case 0
        ' do nothing
    Case 1
        lPriCol = lPriCol + 1
    Case 2
        lPriCol = lPriCol + 2
    Case Else
        HitBadValue = True
    End Select
    
    If HitBadValue Then
        Call MsgBox(""Component Selection: Couldn't find system size or component level."", _
                    vbOKOnly + vbCritical, ThisWorkbook.Name)
        GetPriLookupCol = 0
    Else
        GetPriLookupCol = lPriCol
    End If
End Function

' GetComponentRow looks at the set of component rows in output_db, between
' FirstRow and LastRow (inclusive).  It uses the priorities in PriColumn and
' the total costs to determine which component should be chosen.  It returns
' its results through entries in the Use() variant, which are suitable to be
' dropped into rngUse above.
Private Sub GetComponentRow(Output As Variant, PriColumn As Long, _
                            FirstRow As Long, LastRow As Long, _
                            Use() As Variant)
    Dim lNRows As Long
    Dim lPriorities() As Long
    Dim dCosts() As Double
    Dim lThisPri As Long
    Dim lBAPriority As Long
    Dim lRowIndx As Long
    Dim IsCompChosen As Boolean
    Dim lChosenRow As Long
    Dim FoundZero As Boolean
    Dim BlankCell As Boolean
    Dim XlError As Boolean
    
    ' Set up for priority lookup.
    lNRows = LastRow - FirstRow + 1
    ReDim lPriorities(FirstRow To LastRow) As Long
    ReDim dCosts(FirstRow To LastRow) As Double
    
    ' First, load the priorities and costs into typed arrays.  We also
    ' determine here whether there is a zero in the priority set for this WBS,
    ' and assign the Excel error codes in Use() if needed.
    FoundZero = False
    For lRowIndx = FirstRow To LastRow
        lPriorities(lRowIndx) = SafeVntValueL(Output(lRowIndx, PriColumn), _
                                              BlankCell, XlError)
        If XlError Then
            Use(lRowIndx, 1) = USE_PRIERR
        ElseIf Not BlankCell And lPriorities(lRowIndx) = 0 Then
            FoundZero = True
        End If
        dCosts(lRowIndx) = SafeVntValueD(Output(lRowIndx, COL_TOT_COST), _
                                         BlankCell, XlError)
        ' allow a cost error to overwrite a priority error
        If XlError Then Use(lRowIndx, 1) = USE_COSTERR
    Next lRowIndx
    
    lBAPriority = 1
    IsCompChosen = False
    Do
        For lRowIndx = FirstRow To LastRow
            If lPriorities(lRowIndx) = lBAPriority Then
                If dCosts(lRowIndx) > 0 Then
                    lChosenRow = lRowIndx
                    IsCompChosen = True
                    Exit For
                End If ' total cost is available
            End If ' priority is best available
        Next lRowIndx
        lBAPriority = lBAPriority + 1
    Loop Until IsCompChosen Or lBAPriority > lNRows
    
    ' now that we've determined whether to use a component, store the
    ' appropriate values in Use()
    For lRowIndx = FirstRow To LastRow
        ' make sure we aren't overwriting an error code
        If IsEmpty(Use(lRowIndx, 1)) Then
            If IsCompChosen Then
                ' store yes/no for the chosen/discarded components
                If lRowIndx = lChosenRow Then
                    Use(lRowIndx, 1) = USE_YES
                Else
                    Use(lRowIndx, 1) = USE_NO
                End If
            Else
                ' store no's to suppress cu-life error message, or unavail's
                ' to cause a ""contact vendor"" message
                If FoundZero Then
                    Use(lRowIndx, 1) = USE_NO
                Else
                    Use(lRowIndx, 1) = USE_UNAVAIL
                End If
            End If
        End If
    Next lRowIndx
End Sub

' SafeVntValueL: Get the value of a particular Variant, as a Long.  Returns
' zero if any of the following is true:
' - vnt contains an Excel error (in this case the optional argument XlError is
'   also set to true)
' - vnt is Empty (in this case the optional argument BlankCell is also set to
'   true)
' - vnt does not contain a numeric value
Private Function SafeVntValueL(vnt As Variant, _
                               Optional ByRef BlankCell As Boolean, _
                               Optional ByRef XlError As Boolean) As Long
    XlError = False
    BlankCell = False
    
    If IsError(vnt) Then
        SafeVntValueL = 0
        XlError = True
    ElseIf IsEmpty(vnt) Then
        SafeVntValueL = 0
        BlankCell = True
    ElseIf Not IsNumeric(vnt) Then
        SafeVntValueL = 0
    Else
        SafeVntValueL = vnt
    End If
End Function

' SafeVntValueD: Get the value of a particular Variant, as a Double.  Returns
' zero if any of the following is true:
' - vnt contains an Excel error (in this case the optional argument XlError is
'   also set to true)
' - vnt is Empty (in this case the optional argument BlankCell is also set to
'   true)
' - vnt does not contain a numeric value
Private Function SafeVntValueD(vnt As Variant, _
                               Optional ByRef BlankCell As Boolean, _
                               Optional ByRef XlError As Boolean) As Double
    XlError = False
    
    If IsError(vnt) Then
        SafeVntValueD = 0#
        XlError = True
    ElseIf IsEmpty(vnt) Then
        SafeVntValueD = 0#
        BlankCell = True
    ElseIf Not IsNumeric(vnt) Then
        SafeVntValueD = 0#
    Else
        SafeVntValueD = vnt
    End If
End Function

' SafeVntValueS: Get the value of a particular Variant, as a String.  Returns
' """" if any of the following is true:
' - vnt contains an Excel error (in this case the optional argument XlError is
'   also set to true)
Private Function SafeVntValueS(vnt As Variant, _
                               Optional ByRef XlError As Boolean) As String
    XlError = False
    
    If IsError(vnt) Then
        SafeVntValueS = """"
        XlError = True
    Else
        SafeVntValueS = vnt
    End If
End Function




",324
xl/vbaProject.bin,VBA/Sheet6,Sheet6.cls,"Attribute VB_Name = ""Sheet6""
Attribute VB_Base = ""0{00020820-0000-0000-C000-000000000046}""
Attribute VB_GlobalNameSpace = False
Attribute VB_Creatable = False
Attribute VB_PredeclaredId = True
Attribute VB_Exposed = True
Attribute VB_TemplateDerived = False
Attribute VB_Customizable = True






































",47
xl/vbaProject.bin,VBA/Sheet7,Sheet7.cls,"Attribute VB_Name = ""Sheet7""
Attribute VB_Base = ""0{00020820-0000-0000-C000-000000000046}""
Attribute VB_GlobalNameSpace = False
Attribute VB_Creatable = False
Attribute VB_PredeclaredId = True
Attribute VB_Exposed = True
Attribute VB_TemplateDerived = False
Attribute VB_Customizable = True






































",47
xl/vbaProject.bin,VBA/Sheet8,Sheet8.cls,"Attribute VB_Name = ""Sheet8""
Attribute VB_Base = ""0{00020820-0000-0000-C000-000000000046}""
Attribute VB_GlobalNameSpace = False
Attribute VB_Creatable = False
Attribute VB_PredeclaredId = True
Attribute VB_Exposed = True
Attribute VB_TemplateDerived = False
Attribute VB_Customizable = True






































",47
xl/vbaProject.bin,VBA/Sheet9,Sheet9.cls,"Attribute VB_Name = ""Sheet9""
Attribute VB_Base = ""0{00020820-0000-0000-C000-000000000046}""
Attribute VB_GlobalNameSpace = False
Attribute VB_Creatable = False
Attribute VB_PredeclaredId = True
Attribute VB_Exposed = True
Attribute VB_TemplateDerived = False
Attribute VB_Customizable = True






































",47
xl/vbaProject.bin,VBA/Sheet20,Sheet20.cls,"Attribute VB_Name = ""Sheet20""
Attribute VB_Base = ""0{00020820-0000-0000-C000-000000000046}""
Attribute VB_GlobalNameSpace = False
Attribute VB_Creatable = False
Attribute VB_PredeclaredId = True
Attribute VB_Exposed = True
Attribute VB_TemplateDerived = False
Attribute VB_Customizable = True
Public Sub cmdTDB_Isotherm_Click()
    frmTDBlink2.Show
End Sub











",23
xl/vbaProject.bin,VBA/DesignCalls,DesignCalls.bas,"Attribute VB_Name = ""DesignCalls""
Option Explicit

Sub Design1Interactive()
    Call Design1
    'AutoSizeInteractiveA
    Call CompSelect
End Sub

Sub Design2Interactive()
    Call Design2
    'AutoSizeInteractiveA
    Call CompSelect
End Sub

Sub Design3Interactive()
    Call Design3
    'AutoSizeInteractiveA
    Call CompSelect
End Sub

Sub Design4Interactive()
    Call Design4
    'AutoSizeInteractiveA
    Call CompSelect
End Sub

Sub Design5Interactive()
    Call Design5
    'AutoSizeInteractiveA
    Call CompSelect
End Sub

Sub Design6Interactive()
    Call Design6
    'AutoSizeInteractiveA
    Call CompSelect
End Sub

Sub Design7Interactive()
    Call Design7
    'AutoSizeInteractiveA
    Call CompSelect
End Sub

Sub Design8Interactive()
    Call Design8
    'AutoSizeInteractiveA
    Call CompSelect
End Sub

Sub ddMediaType_Change()
    Call ClearDesign
End Sub
",55
xl/vbaProject.bin,VBA/Sheet2,Sheet2.cls,"Attribute VB_Name = ""Sheet2""
Attribute VB_Base = ""0{00020820-0000-0000-C000-000000000046}""
Attribute VB_GlobalNameSpace = False
Attribute VB_Creatable = False
Attribute VB_PredeclaredId = True
Attribute VB_Exposed = True
Attribute VB_TemplateDerived = False
Attribute VB_Customizable = True




































",45
xl/vbaProject.bin,VBA/Sheet3,Sheet3.cls,"Attribute VB_Name = ""Sheet3""
Attribute VB_Base = ""0{00020820-0000-0000-C000-000000000046}""
Attribute VB_GlobalNameSpace = False
Attribute VB_Creatable = False
Attribute VB_PredeclaredId = True
Attribute VB_Exposed = True
Attribute VB_TemplateDerived = False
Attribute VB_Customizable = True




































",45
xl/vbaProject.bin,VBA/Sheet14,Sheet14.cls,"Attribute VB_Name = ""Sheet14""
Attribute VB_Base = ""0{00020820-0000-0000-C000-000000000046}""
Attribute VB_GlobalNameSpace = False
Attribute VB_Creatable = False
Attribute VB_PredeclaredId = True
Attribute VB_Exposed = True
Attribute VB_TemplateDerived = False
Attribute VB_Customizable = True



















",28
xl/vbaProject.bin,VBA/AutoSize1,AutoSize1.bas,"Attribute VB_Name = ""AutoSize1""
Option Explicit

Private Const RN_AS_MIN_VERT As String = ""comp_vert_min_number_a""
Private Const RN_AS_EXTRA_SEARCH As String = ""comp_nlines_extra_search_a""
Private Const RN_AS_NLINES As String = ""comp_in_nlines_a""

Private Const RN_IN_BED_DEPTH As String = ""basin_op_depth""
Private Const RN_IN_WIDTH As String = ""basin_width""
Private Const RN_IN_LENGTH As String = ""basin_length""

Private Const RN_COMP_BED_DEPTH As String = ""comp_bed_depth_a""
Private Const RN_COMP_LENGTH_WIDTH As String = ""comp_length_width_a""

Private Const RN_OUT_VALID As String = ""input_checks""
Private Const RN_DIRECT_COST As String = ""annualized_cost""
Private Const RN_OUT_SUCCESS As String = ""comp_out_success_a""

Private Const HUGE_COST As Double = 999999999#
Private Const MAX_INVALID As Long = 5
Private Const MIN_EXTRA_SEARCH As Long = 1

Private Type MainInputRangesType
    rngLength As Range
    rngWidth As Range
    rngBedDepth As Range
End Type

Private Type ComputedInputRangesType
    rngLength As Range
    rngWidth As Range
    rngBedDepth As Range
End Type

Private Type InputValuesType
    dWidth As Double
    dLength As Double
    dBedDepth As Double
End Type

'
' Sub AutoSize_Opt
' Jon Fetter-Degges, 3/2005
'
Public Sub AutoSize_OptA(Optional Interactive As Boolean = False)
    ' Worksheets
    Dim ComputedSheet As Worksheet
    Dim wsMainInput As Worksheet
    Dim wsOutput As Worksheet
    ' Ranges on the Output sheet
    Dim rngDirectCost As Range
    Dim rngValidInput As Range          ' machine-readable input checks
    ' Ranges on the Autosize sheet
    Dim rngMinVert As Range             ' ""min number for vertical vessel"" cell on the autosize sheet
    Dim rngAddlNumber As Range          ' ""extra search"" cell on the autosize sheet
    Dim rngNLines As Range              ' ""number of lines"" range on autosize sheet
    Dim rngTargetLoadIn As Range
    Dim ComputedInputs As ComputedInputRangesType
    Dim rngSuccess As Range
    ' Ranges and values on the Input sheet
    Dim OldInputs As InputValuesType
    Dim MainInputs As MainInputRangesType
    ' Values from the Autosize sheet
    Dim lExtraSearch As Long
    Dim lMinVertNLines As Long
    ' Variables used in the search
    Dim lNLines As Long
    Dim lNSinceMin As Long
    Dim lNInvalid As Long
    Dim dMinCostVert As Double
    Dim lNLines_MinCostVert As Long
    ' Results
    Dim AutosizeSucceeded As Boolean
    Dim vntDirectCost As Variant
    Dim dDirectCost As Double

    With ThisWorkbook
        Set ComputedSheet = .Worksheets(""AutoSize"")
        Set wsMainInput = .Worksheets(""INPUT"")
        Set wsOutput = .Worksheets(""OUTPUT"")
    End With
    
    ' We set a bunch of range references here, some for use in this routine, and
    ' some so that AutoSize doesn't have to keep referencing the .Range property.
    With wsOutput
        Set rngDirectCost = .Range(RN_DIRECT_COST)
        Set rngValidInput = .Range(RN_OUT_VALID)
    End With
    With ComputedSheet
        Set rngMinVert = .Range(RN_AS_MIN_VERT)
        Set rngAddlNumber = .Range(RN_AS_EXTRA_SEARCH)
        Set rngNLines = .Range(RN_AS_NLINES)
        Set ComputedInputs.rngBedDepth = .Range(RN_COMP_BED_DEPTH)
        Set ComputedInputs.rngWidth = .Range(RN_COMP_LENGTH_WIDTH)
        Set ComputedInputs.rngLength = .Range(RN_COMP_LENGTH_WIDTH)
        Set rngSuccess = .Range(RN_OUT_SUCCESS)
    End With
    
    ' Save the old inputs
    With wsMainInput
        Set MainInputs.rngBedDepth = .Range(RN_IN_BED_DEPTH)
        Set MainInputs.rngWidth = .Range(RN_IN_WIDTH)
        Set MainInputs.rngLength = .Range(RN_IN_LENGTH)
    End With
    With MainInputs
        OldInputs.dBedDepth = .rngBedDepth.Value
        OldInputs.dWidth = .rngWidth.Value
        OldInputs.dLength = .rngLength.Value
    End With
    
    ' Read the search parameters.
    lExtraSearch = rngAddlNumber.Value
    If lExtraSearch < 1 Then lExtraSearch = MIN_EXTRA_SEARCH
    
    ' Now search vertical vessel designs for a minimum cost.
    ' Once we reach a minimum, go at least as far as specified in Extra Search
    ' to verify it.


    ' The target load then lets us determine the minimum number of lines for a
    ' valid vertical design.
    lMinVertNLines = Ceiling(rngMinVert.Value)
    lNLines = lMinVertNLines
    dMinCostVert = HUGE_COST
    lNSinceMin = 0
    lNInvalid = 0
    Do While lNSinceMin < lExtraSearch And lNInvalid < MAX_INVALID
        ' Store the number of lines.
        rngNLines.Value = lNLines
        ' Run autosize.
        AutosizeSucceeded = autosize(ComputedInputs, MainInputs, rngValidInput)
        ' Check whether the autosize procedure succeeded.
        If AutosizeSucceeded Then
            Call CompSelect
            vntDirectCost = rngDirectCost.Value
            If IsNumeric(vntDirectCost) Then
                dDirectCost = CDbl(vntDirectCost)
                If dDirectCost < dMinCostVert Then
                    dMinCostVert = dDirectCost
                    lNLines_MinCostVert = lNLines
                    lNSinceMin = 0
                Else
                    lNSinceMin = lNSinceMin + 1
                End If
            Else
                ' direct cost is non-numeric (probably Excel error value)
                lNInvalid = lNInvalid + 1
            End If
        Else
            ' autosize failed for this number of lines
            lNInvalid = lNInvalid + 1
        End If
        ' And increment the number of lines.
        lNLines = lNLines + 1
    Loop
  
  If dMinCostVert < HUGE_COST Then
        rngNLines.Value = lNLines_MinCostVert
        Call autosize(ComputedInputs, MainInputs, rngValidInput)
        Call CompSelect
        rngSuccess.Value = True
  Else
    ' there was no valid design
        If Interactive Then Call AutoSizeErr(""Couldn't find a valid design."")
        With MainInputs
               .rngBedDepth.Value = OldInputs.dBedDepth
               .rngWidth.Value = OldInputs.dWidth
               .rngLength.Value = OldInputs.dLength
        End With
           rngSuccess.Value = False
        End If
    
        
End Sub




' A private ceiling function--we use this to convert the minimum number of lines
' calculations, which are floating-point, to integer minima.
' Ceiling(floatValue) = smallest integer greater than or equal to floatValue
' Therefore:
' Ceiling(1.) = 1
' Ceiling(-3.) = -3
' Ceiling(1.1) = 2
' Ceiling(-3.1) = -3
' Ceiling(0.) = 0
Private Function Ceiling(FloatValue As Double) As Long
    Dim lCeil As Long
    
    lCeil = Int(FloatValue)
    ' If FloatValue was an exact integer, we now have its ceiling, so leave
    ' lCeil alone.  Otherwise, increment lCeil by one to find the next largest
    ' integer.
    If CDbl(lCeil) < FloatValue Then
        lCeil = lCeil + 1
    End If
    Ceiling = lCeil
End Function

' Sub AutoSize
' written 10/2003 by Jon Fetter
'
Private Function autosize(ComputedInputRanges As ComputedInputRangesType, _
                          MainInputRanges As MainInputRangesType, _
                          ValidInputTestRange As Range, _
                          Optional Interactive = False) As Boolean
    Dim NewInputs As InputValuesType
    Dim vntBedDepth As Variant
    Dim ErrorInBedDepth As Boolean
    
    ' Get the new inputs
    With ComputedInputRanges
        vntBedDepth = .rngBedDepth.Value
        If IsError(vntBedDepth) Then
            ErrorInBedDepth = True
        Else
            ErrorInBedDepth = False
            NewInputs.dBedDepth = CDbl(vntBedDepth)
            NewInputs.dWidth = .rngWidth.Value
            NewInputs.dLength = .rngLength.Value

        End If
    End With
    
    ' Check the new inputs
    If ErrorInBedDepth Or NewInputs.dBedDepth < 0# Then
        If Interactive Then Call AutoSizeErr(""Could not find a valid bed depth."")
        autosize = False
        Exit Function
    End If
    If NewInputs.dWidth < 0# Then
        If Interactive Then Call AutoSizeErr(""Could not find a valid basin width."")
        autosize = False
        Exit Function
    End If
    If NewInputs.dLength < 0# Then
        If Interactive Then Call AutoSizeErr(""Could not find a valid length."")
        autosize = False
        Exit Function
    End If
    
    ' Put the new inputs into the input sheet
    With MainInputRanges
        .rngBedDepth.Value = NewInputs.dBedDepth
        .rngWidth.Value = NewInputs.dWidth
        .rngLength.Value = NewInputs.dLength
    End With
    
    ' Check to see that the inputs are valid; if they aren't, restore the old ones
    If Not CheckValidInput(ValidInputTestRange) Then
        autosize = False
        Exit Function
    End If
    
    ' Finally, return True and exit.
    autosize = True
End Function

Private Function CheckValidInput(Valid As Range) As Boolean
    ' this just looks at the true/false entries in the range
    Dim rngCell As Range
    Dim vntCellVal As Variant
    Dim CellVal As Boolean
    
    ' go through each cell, making sure it doesn't contain an error and
    ' then making sure its value is True
    For Each rngCell In Valid.Cells
        vntCellVal = rngCell.Value
        If IsError(vntCellVal) Then
            CheckValidInput = False
            Exit Function
        End If
        CellVal = vntCellVal
        If CellVal = False Then
            CheckValidInput = False
            Exit Function
        End If
    Next rngCell
    
    ' if we got here, everything is OK
    CheckValidInput = True
End Function

Private Sub AutoSizeErr(Message As String)
    Call MsgBox(""Could not auto-size the vessel."" & vbCrLf & Message, _
                vbExclamation + vbOKOnly)
End Sub

Public Sub AutoSizeInteractiveA()
    Call AutoSize_OptA(True)
End Sub

Public Sub AutoSizeNonInteractiveA()
    Call AutoSize_OptA(False)
End Sub






",303
xl/vbaProject.bin,VBA/AutoSize,autosize.bas,"Attribute VB_Name = ""AutoSize""
Option Explicit

Private Const RN_AS_MIN_VERT As String = ""comp_vert_min_number""
Private Const RN_AS_MIN_LONG As String = ""comp_horiz_min_number""
Private Const RN_AS_EXTRA_SEARCH As String = ""comp_nlines_extra_search""
Private Const RN_AS_NLINES As String = ""comp_in_nlines""

Private Const RN_IN_BED_DEPTH As String = ""bed_depth""
Private Const RN_IN_TANK_GEOM As String = ""tank_geom_I""
Private Const RN_IN_DIAM As String = ""comm_diam""
Private Const RN_IN_LH As String = ""comm_height_length""

Private Const RN_COMP_BED_DEPTH As String = ""comp_bed_depth""
Private Const RN_COMP_TANK_GEOM As String = ""comp_tank_geom""
Private Const RN_COMP_VERT_HEIGHT As String = ""comp_vert_height""
Private Const RN_COMP_VERT_DIAM As String = ""comp_vert_diam""
Private Const RN_COMP_HORIZ_LENGTH As String = ""comp_horiz_length""
Private Const RN_COMP_HORIZ_DIAM As String = ""comp_horiz_diam""

Private Const RN_OUT_VALID As String = ""input_checks""
Private Const RN_DIRECT_COST As String = ""annualized_cost""
Private Const RN_OUT_SUCCESS As String = ""comp_out_success""

Private Const HUGE_COST As Double = 999999999#
Private Const MAX_INVALID As Long = 5
Private Const MIN_EXTRA_SEARCH As Long = 1

Private Type MainInputRangesType
    rngTankGeom As Range
    rngDiam As Range
    rngLengthHeight As Range
    rngBedDepth As Range
End Type

Private Type ComputedInputRangesType
    rngTankGeom As Range
    rngVDiam As Range
    rngVHeight As Range
    rngLDiam As Range
    rngLLength As Range
    rngBedDepth As Range
End Type

Private Type InputValuesType
    sTankGeom As String
    dDiam As Double
    dLengthHeight As Double
    dBedDepth As Double
End Type

'
' Sub AutoSize_Opt
' Jon Fetter-Degges, 3/2005
'
Private Sub AutoSize_Opt(Optional Interactive As Boolean = False)
    ' Worksheets
    Dim ComputedSheet As Worksheet
    Dim wsMainInput As Worksheet
    Dim wsOutput As Worksheet
    ' Ranges on the Output sheet
    Dim rngDirectCost As Range
    Dim rngValidInput As Range          ' machine-readable input checks
    ' Ranges on the Autosize sheet
    Dim rngMinVert As Range             ' ""min number for vertical vessel"" cell on the autosize sheet
    Dim rngMinLong As Range             ' ""min number for horizontal vessel"" cell on the autosize sheet
    Dim rngAddlNumber As Range          ' ""extra search"" cell on the autosize sheet
    Dim rngNLines As Range              ' ""number of lines"" range on autosize sheet
    Dim rngTargetLoadIn As Range
    Dim ComputedInputs As ComputedInputRangesType
    Dim rngSuccess As Range
    ' Ranges and values on the Input sheet
    Dim OldInputs As InputValuesType
    Dim MainInputs As MainInputRangesType
    ' Values from the Autosize sheet
    Dim lExtraSearch As Long
    Dim lMinVertNLines As Long
    Dim lMinLongNLines As Long
    ' Variables used in the search
    Dim lNLines As Long
    Dim lNSinceMin As Long
    Dim lNInvalid As Long
    Dim dMinCostVert As Double
    Dim lNLines_MinCostVert As Long
    Dim dMinCostLong As Double
    Dim lNLines_MinCostLong As Long
    ' Results
    Dim AutosizeSucceeded As Boolean
    Dim vntDirectCost As Variant
    Dim dDirectCost As Double

    With ThisWorkbook
        Set ComputedSheet = .Worksheets(""AutoSize"")
        Set wsMainInput = .Worksheets(""INPUT"")
        Set wsOutput = .Worksheets(""OUTPUT"")
    End With
    
    ' We set a bunch of range references here, some for use in this routine, and
    ' some so that AutoSize doesn't have to keep referencing the .Range property.
    With wsOutput
        Set rngDirectCost = .Range(RN_DIRECT_COST)
        Set rngValidInput = .Range(RN_OUT_VALID)
    End With
    With ComputedSheet
        Set rngMinVert = .Range(RN_AS_MIN_VERT)
        Set rngMinLong = .Range(RN_AS_MIN_LONG)
        Set rngAddlNumber = .Range(RN_AS_EXTRA_SEARCH)
        Set rngNLines = .Range(RN_AS_NLINES)
        Set ComputedInputs.rngBedDepth = .Range(RN_COMP_BED_DEPTH)
        Set ComputedInputs.rngLDiam = .Range(RN_COMP_HORIZ_DIAM)
        Set ComputedInputs.rngLLength = .Range(RN_COMP_HORIZ_LENGTH)
        Set ComputedInputs.rngTankGeom = .Range(RN_COMP_TANK_GEOM)
        Set ComputedInputs.rngVDiam = .Range(RN_COMP_VERT_DIAM)
        Set ComputedInputs.rngVHeight = .Range(RN_COMP_VERT_HEIGHT)
        Set rngSuccess = .Range(RN_OUT_SUCCESS)
    End With
    
    ' Save the old inputs
    With wsMainInput
        Set MainInputs.rngBedDepth = .Range(RN_IN_BED_DEPTH)
        Set MainInputs.rngTankGeom = .Range(RN_IN_TANK_GEOM)
        Set MainInputs.rngDiam = .Range(RN_IN_DIAM)
        Set MainInputs.rngLengthHeight = .Range(RN_IN_LH)
    End With
    With MainInputs
        OldInputs.dBedDepth = .rngBedDepth.Value
        OldInputs.dDiam = .rngDiam.Value
        OldInputs.dLengthHeight = .rngLengthHeight.Value
        OldInputs.sTankGeom = .rngTankGeom.Value
    End With
    
    ' Read the search parameters.
    lExtraSearch = rngAddlNumber.Value
    If lExtraSearch < 1 Then lExtraSearch = MIN_EXTRA_SEARCH
    
    ' Now search vertical vessel designs for a minimum cost.
    ' Once we reach a minimum, go at least as far as specified in Extra Search
    ' to verify it.


    ' The target load then lets us determine the minimum number of lines for a
    ' valid vertical design.
    lMinVertNLines = Ceiling(rngMinVert.Value)
    lNLines = lMinVertNLines
    dMinCostVert = HUGE_COST
    lNSinceMin = 0
    lNInvalid = 0
    Do While lNSinceMin < lExtraSearch And lNInvalid < MAX_INVALID
        ' Store the number of lines.
        rngNLines.Value = lNLines
        ' Run autosize.
        AutosizeSucceeded = autosize(ComputedInputs, MainInputs, rngValidInput)
        ' Check whether the autosize procedure succeeded.
        If AutosizeSucceeded Then
            Call CompSelect
            vntDirectCost = rngDirectCost.Value
            If IsNumeric(vntDirectCost) Then
                dDirectCost = CDbl(vntDirectCost)
                If dDirectCost < dMinCostVert Then
                    dMinCostVert = dDirectCost
                    lNLines_MinCostVert = lNLines
                    lNSinceMin = 0
                Else
                    lNSinceMin = lNSinceMin + 1
                End If
            Else
                ' direct cost is non-numeric (probably Excel error value)
                lNInvalid = lNInvalid + 1
            End If
        Else
            ' autosize failed for this number of lines
            lNInvalid = lNInvalid + 1
        End If
        ' And increment the number of lines.
        lNLines = lNLines + 1
    Loop
    
    ' Now do the same for horizontal designs.
    lMinLongNLines = Ceiling(rngMinLong.Value)
    lNLines = lMinLongNLines
    dMinCostLong = HUGE_COST
    lNSinceMin = 0
    lNInvalid = 0
    Do While lNSinceMin < lExtraSearch _
             And lNInvalid < MAX_INVALID _
             And lNLines < lMinVertNLines
        ' Store the number of lines.
        rngNLines.Value = lNLines
        ' Run autosize.
        AutosizeSucceeded = autosize(ComputedInputs, MainInputs, rngValidInput)
        ' Check whether the autosize procedure succeeded.
        If AutosizeSucceeded Then
            Call CompSelect
            dDirectCost = rngDirectCost.Value
            If dDirectCost < dMinCostLong Then
                dMinCostLong = dDirectCost
                lNLines_MinCostLong = lNLines
                lNSinceMin = 0
            Else
                lNSinceMin = lNSinceMin + 1
            End If
        Else
            lNInvalid = lNInvalid + 1
        End If
        ' And increment the number of lines.
        lNLines = lNLines + 1
    Loop
    
    ' Now determine which design to use, and run it.
    If dMinCostVert < dMinCostLong Then
        ' vertical design was optimal
        rngNLines.Value = lNLines_MinCostVert
        Call autosize(ComputedInputs, MainInputs, rngValidInput)
        Call CompSelect
        rngSuccess.Value = True
    Else
        ' either longitudinal vessels are preferred, or they're both HUGE_COST,
        ' i.e., there was no valid design
        If dMinCostLong < HUGE_COST Then
            ' longitudinal vessels are preferred
            rngNLines.Value = lNLines_MinCostLong
            Call autosize(ComputedInputs, MainInputs, rngValidInput)
            Call CompSelect
            rngSuccess.Value = True
        Else
            ' there was no valid design
            If Interactive Then Call AutoSizeErr(""Couldn't find a valid design."")
            With MainInputs
                .rngBedDepth.Value = OldInputs.dBedDepth
                .rngDiam.Value = OldInputs.dDiam
                .rngLengthHeight.Value = OldInputs.dLengthHeight
                .rngTankGeom.Value = OldInputs.sTankGeom
            End With
            rngSuccess.Value = False
        End If
    End If
End Sub

' A private ceiling function--we use this to convert the minimum number of lines
' calculations, which are floating-point, to integer minima.
' Ceiling(floatValue) = smallest integer greater than or equal to floatValue
' Therefore:
' Ceiling(1.) = 1
' Ceiling(-3.) = -3
' Ceiling(1.1) = 2
' Ceiling(-3.1) = -3
' Ceiling(0.) = 0
Private Function Ceiling(FloatValue As Double) As Long
    Dim lCeil As Long
    
    lCeil = Int(FloatValue)
    ' If FloatValue was an exact integer, we now have its ceiling, so leave
    ' lCeil alone.  Otherwise, increment lCeil by one to find the next largest
    ' integer.
    If CDbl(lCeil) < FloatValue Then
        lCeil = lCeil + 1
    End If
    Ceiling = lCeil
End Function

' Sub AutoSize
' written 10/2003 by Jon Fetter
'
Private Function autosize(ComputedInputRanges As ComputedInputRangesType, _
                          MainInputRanges As MainInputRangesType, _
                          ValidInputTestRange As Range, _
                          Optional Interactive = False) As Boolean
    Dim NewInputs As InputValuesType
    Dim vntBedDepth As Variant
    Dim ErrorInBedDepth As Boolean
    
    ' Get the new inputs
    With ComputedInputRanges
        vntBedDepth = .rngBedDepth.Value
        If IsError(vntBedDepth) Then
            ErrorInBedDepth = True
        Else
            ErrorInBedDepth = False
            NewInputs.dBedDepth = CDbl(vntBedDepth)
            NewInputs.sTankGeom = .rngTankGeom.Value
            Select Case NewInputs.sTankGeom
            Case ""upright""
                NewInputs.dDiam = .rngVDiam.Value
                NewInputs.dLengthHeight = .rngVHeight.Value
            Case ""horizontal""
                NewInputs.dDiam = .rngLDiam.Value
                NewInputs.dLengthHeight = .rngLLength.Value
            Case Else
                NewInputs.dDiam = -1#
                NewInputs.dLengthHeight = -1#
            End Select
        End If
    End With
    
    ' Check the new inputs
    If ErrorInBedDepth Or NewInputs.dBedDepth < 0# Then
        If Interactive Then Call AutoSizeErr(""Could not find a valid bed depth."")
        autosize = False
        Exit Function
    End If
    If NewInputs.dDiam < 0# Then
        If Interactive Then Call AutoSizeErr(""Could not find a valid tank diameter."")
        autosize = False
        Exit Function
    End If
    If NewInputs.dLengthHeight < 0# Then
        If Interactive Then Call AutoSizeErr(""Could not find a valid tank length or height."")
        autosize = False
        Exit Function
    End If
    
    ' Put the new inputs into the input sheet
    With MainInputRanges
        .rngBedDepth.Value = NewInputs.dBedDepth
        .rngTankGeom.Value = NewInputs.sTankGeom
        .rngDiam.Value = NewInputs.dDiam
        .rngLengthHeight.Value = NewInputs.dLengthHeight
    End With
    
    ' Check to see that the inputs are valid; if they aren't, restore the old ones
    If Not CheckValidInput(ValidInputTestRange) Then
        autosize = False
        Exit Function
    End If
    
    ' Finally, return True and exit.
    autosize = True
End Function

Private Function CheckValidInput(Valid As Range) As Boolean
    ' this just looks at the true/false entries in the range
    Dim rngCell As Range
    Dim vntCellVal As Variant
    Dim CellVal As Boolean
    
    ' go through each cell, making sure it doesn't contain an error and
    ' then making sure its value is True
    For Each rngCell In Valid.Cells
        vntCellVal = rngCell.Value
        If IsError(vntCellVal) Then
            CheckValidInput = False
            Exit Function
        End If
        CellVal = vntCellVal
        If CellVal = False Then
            CheckValidInput = False
            Exit Function
        End If
    Next rngCell
    
    ' if we got here, everything is OK
    CheckValidInput = True
End Function

Private Sub AutoSizeErr(Message As String)
    Call MsgBox(""Could not auto-size the vessel."" & vbCrLf & Message, _
                vbExclamation + vbOKOnly)
End Sub

Public Sub AutoSizeInteractive()
    Call AutoSize_Opt(True)
End Sub

Public Sub AutoSizeNonInteractive()
     If (1 = ThisWorkbook.Names(""design_type"").RefersToRange) Then
    Call AutoSize_Opt(False)
    Else
    Call AutoSize_OptA(False)
    End If
End Sub






",377
xl/vbaProject.bin,VBA/frm1CopyOutput,frm1CopyOutput.frm,"Attribute VB_Name = ""frm1CopyOutput""
Attribute VB_Base = ""0{14DB733B-C3C2-439F-9B57-F35119F0FBE1}{16041D7C-0362-47C4-85A4-0D01C9DFCE4B}""
Attribute VB_GlobalNameSpace = False
Attribute VB_Creatable = False
Attribute VB_PredeclaredId = True
Attribute VB_Exposed = False
Attribute VB_TemplateDerived = False
Attribute VB_Customizable = False


Option Explicit
 

Private Sub cmdCancel_Click()
    Call Me.Hide
End Sub

Private Sub cmdSubmit_Click()
  Dim strFileName     As String           ' file name
    
    ' Get the File Name from its textbox.
    strFileName = Trim$(txtRunID.Value)
    If Len(strFileName) = 0 Then Exit Sub
    Call CreateFile(strFileName)
    Call Me.Hide
End Sub

",28
xl/vbaProject.bin,VBA/Sheet13,Sheet13.cls,"Attribute VB_Name = ""Sheet13""
Attribute VB_Base = ""0{00020820-0000-0000-C000-000000000046}""
Attribute VB_GlobalNameSpace = False
Attribute VB_Creatable = False
Attribute VB_PredeclaredId = True
Attribute VB_Exposed = True
Attribute VB_TemplateDerived = False
Attribute VB_Customizable = True
",9
xl/vbaProject.bin,VBA/Sheet21,Sheet21.cls,"Attribute VB_Name = ""Sheet21""
Attribute VB_Base = ""0{00020820-0000-0000-C000-000000000046}""
Attribute VB_GlobalNameSpace = False
Attribute VB_Creatable = False
Attribute VB_PredeclaredId = True
Attribute VB_Exposed = True
Attribute VB_TemplateDerived = False
Attribute VB_Customizable = True
",9
xl/vbaProject.bin,VBA/Sheet5,Sheet5.cls,"Attribute VB_Name = ""Sheet5""
Attribute VB_Base = ""0{00020820-0000-0000-C000-000000000046}""
Attribute VB_GlobalNameSpace = False
Attribute VB_Creatable = False
Attribute VB_PredeclaredId = True
Attribute VB_Exposed = True
Attribute VB_TemplateDerived = False
Attribute VB_Customizable = True
















",25
xl/vbaProject.bin,VBA/Sheet15,Sheet15.cls,"Attribute VB_Name = ""Sheet15""
Attribute VB_Base = ""0{00020820-0000-0000-C000-000000000046}""
Attribute VB_GlobalNameSpace = False
Attribute VB_Creatable = False
Attribute VB_PredeclaredId = True
Attribute VB_Exposed = True
Attribute VB_TemplateDerived = False
Attribute VB_Customizable = True




Option Explicit

",15
xl/vbaProject.bin,VBA/Sheet18,Sheet18.cls,"Attribute VB_Name = ""Sheet18""
Attribute VB_Base = ""0{00020820-0000-0000-C000-000000000046}""
Attribute VB_GlobalNameSpace = False
Attribute VB_Creatable = False
Attribute VB_PredeclaredId = True
Attribute VB_Exposed = True
Attribute VB_TemplateDerived = False
Attribute VB_Customizable = True




Option Explicit

",15
xl/vbaProject.bin,VBA/Sheet19,Sheet19.cls,"Attribute VB_Name = ""Sheet19""
Attribute VB_Base = ""0{00020820-0000-0000-C000-000000000046}""
Attribute VB_GlobalNameSpace = False
Attribute VB_Creatable = False
Attribute VB_PredeclaredId = True
Attribute VB_Exposed = True
Attribute VB_TemplateDerived = False
Attribute VB_Customizable = True
Option Explicit

",11
xl/vbaProject.bin,VBA/StdDesign,StdDesign.bas,"Attribute VB_Name = ""StdDesign""
Option Explicit

' code to plug in standard input values from the Standard Inputs sheet
' jon fetter-degges, 4/12/04
' added to p-gac by Mark Guttridge 3/20/06
' jfd added clear-inputs code and removed Exit Sub in With block 1/25/06

' worksheet names (suffixed with WSN)
Private Const IN_WSN As String = ""INPUT""
Private Const STDIN_WSN As String = ""Standard Inputs""
' range names (suffixed with RN)
Private Const STDIN_RN As String = ""std_design_params""
Private Const CONTAM_RN As String = ""contam_type"" '*contaminant choice
Private Const DESIGN_RN As String = ""design_type"" '*design choice
Private Const INP_STORE_RN As String = ""inp_sel"" '*range to save inputs used for CompSelect
' other constants
Private Const CLEAR_DESIGN_NUM As Long = -9999 ' for this DesignNum, StdInputs
                                               ' will clear the input ranges

Private Sub StdInputs(DesignNum As Long)
    Dim wsStdIn As Worksheet
    Dim wsInput As Worksheet
    Dim rngStdIn As Range
    Dim lNRows As Long, lNCols As Long
    Dim lRowIndx As Long, lColIndx As Long
    Dim sInputRN As String
    Dim vntInputVal As Variant
    Dim nmContamRngNm As Name    '*contaminant choice
    Dim lContamNum As Long       '*contaminant choice
    Dim nmDesignRngNm As Name    '*design choice
    Dim DesignType As Long       '*design choice
    Dim ClearDesign As Boolean
    Dim InvalidDesign As Boolean
    
    ' get references to worksheets and ranges
    With ThisWorkbook
        Set wsStdIn = .Worksheets(STDIN_WSN)
        Set wsInput = .Worksheets(IN_WSN)
        Set nmContamRngNm = .Names(CONTAM_RN) '*contaminant choice
        Set nmDesignRngNm = .Names(DESIGN_RN) '*design choice
    End With
    Set rngStdIn = wsStdIn.Range(STDIN_RN)
    
    ' get contaminant selection
    lContamNum = nmContamRngNm.RefersToRange  '*contaminant choice
    ' get design selection (gravity or pressure)
    DesignType = nmDesignRngNm.RefersToRange  '*design choice
    
    With rngStdIn
        ' count rows and columns
        lNRows = .Rows.Count
        lNCols = .Columns.Count
        
        If DesignNum = CLEAR_DESIGN_NUM Then
            ClearDesign = True
            InvalidDesign = False
        Else
            ClearDesign = False
            ' find the appropriate row of the standard input range: loop through
            '  cells of the first column, jump out of the loop when we find a cell
            '  which matches the DesignNum passed in
            ' don't check row 1 because it just contains range names
            For lRowIndx = 2 To lNRows
                If Val(.Cells(lRowIndx, 1)) = lContamNum _
                    And Val(.Cells(lRowIndx, 2)) = DesignType _
                    And Val(.Cells(lRowIndx, 3)) = DesignNum Then Exit For '*media choice: was col 1 -> design num only
            Next lRowIndx
        
            ' did we find a matching row?
            If lRowIndx > lNRows Then
                ' we didn't find a matching row--just exit silently
                ' but we're inside a With, so set a flag to turn off further
                ' behavior rather than jumping out
                InvalidDesign = True
            Else
                InvalidDesign = False
            End If
        End If
        
        ' unless InvalidDesign is true, lRowIndx contains the row with the
        ' standard inputs. we now look at each column (excluding the first
        ' one, because it just contains design numbers).  for each row, the
        ' first row contains the range name (on the input sheet) that we are
        ' to fill.  the lRowIndx row contains the value to be plugged in.  if
        ' the first row is blank, we skip this column.  likewise, if the value
        ' is -- (two dashes), we skip the column.  if the value is blank, we
        ' just plug in a blank value on the input sheet.
        ' we wrap the whole thing in an On Error Resume Next so that incorrect
        ' range names will not cause crashes--instead we will silently fail to
        ' fill in those values.
        If Not InvalidDesign Then
            On Error Resume Next
                For lColIndx = 3 To lNCols  '*r choice: 2->3
                    sInputRN = .Cells(1, lColIndx)
                    If ClearDesign Then
                        Call wsInput.Range(sInputRN).ClearContents
                    Else
                        vntInputVal = .Cells(lRowIndx, lColIndx)
                        If Not (Len(sInputRN) = 0 Or vntInputVal = ""--"") Then
                            wsInput.Range(sInputRN) = vntInputVal
                        End If
                    End If
                Next lColIndx
            On Error GoTo 0
        End If
        
        ' that's it!
    End With
End Sub

Public Sub Design1()
    Call StdInputs(1)
End Sub

Public Sub Design2()
    Call StdInputs(2)
End Sub

Public Sub Design3()
    Call StdInputs(3)
End Sub

Public Sub Design4()
    Call StdInputs(4)
End Sub

Public Sub Design5()
    Call StdInputs(5)
End Sub

Public Sub Design6()
    Call StdInputs(6)
End Sub

Public Sub Design7()
    Call StdInputs(7)
End Sub

Public Sub Design8()
    Call StdInputs(8)
End Sub

Public Sub ClearDesign()
    Call StdInputs(CLEAR_DESIGN_NUM)
End Sub
'***StoreInputs added MRG 3-20-06
'* StoreInputs records the inputs used for CompSelect.  It reads the input
'  range names from the standard inputs table, retrieves the current value of
'  each range, and stores the value in a range on the Standard Inputs sheet.
Public Sub StoreInputs()
    Dim wsStdIn As Worksheet
    Dim rngStdInRNs As Range
    Dim vntRangeNames As Variant
    Dim lNCols As Long
    Dim lCol As Long
    Dim sThisInputRN As String
    Dim rngThisInput As Range
    Dim vntCurrentInputs() As Variant
    Dim rngCurrentInputs As Range
    
    Set wsStdIn = ThisWorkbook.Worksheets(STDIN_WSN)
    With wsStdIn
        Set rngStdInRNs = .Range(STDIN_RN).Rows(1)
        Set rngCurrentInputs = .Range(INP_STORE_RN)
    End With
    With rngStdInRNs
        lNCols = .Columns.Count
        vntRangeNames = .Value
    End With
    ReDim vntCurrentInputs(1 To 1, 1 To lNCols) As Variant
    
    On Error Resume Next
    With ThisWorkbook.Names
        For lCol = 1 To lNCols
            sThisInputRN = vntRangeNames(1, lCol)
            ' use only columns with a range name in the header
            If Len(sThisInputRN) > 0 Then
                Set rngThisInput = .Item(sThisInputRN).RefersToRange
                vntCurrentInputs(1, lCol) = rngThisInput.Value
                If Err.Number > 0 Then
                    vntCurrentInputs(1, lCol) = ""RANGE ERROR""
                    Call Err.Clear
                ElseIf IsError(vntCurrentInputs(1, lCol)) Then
                    vntCurrentInputs(1, lCol) = ""VALUE ERROR""
                End If
            End If
        Next lCol
    End With
    
    rngCurrentInputs.Value = vntCurrentInputs
End Sub


' Created 6/12/2019
Public Sub FactoryDefaults()

    Dim answer As VbMsgBoxResult

    answer = MsgBox(""This will reset the contents of the Standard Inputs sheet to the default values present when the model was shipped. Are you sure you want to reset the inputs?"", vbExclamation + vbOKCancel)
    If answer = vbCancel Then Exit Sub
    
    Call RestoreInputs1
    Call RestoreInputs2
    Call RestoreInputs3
    Call RestoreInputs4
    Call RestoreInputs5
    Call RestoreInputs6
    Call RestoreInputs6
    Call RestoreInputs7
    
    End Sub
Sub RestoreInputs1()
    Dim vntDefaultInputs(1 To 49, 1 To 46) As Variant
    Dim wsStdInputs As Worksheet
    Dim rngStdInputs1 As Range
    
    Set wsStdInputs = ThisWorkbook.Worksheets(STDIN_WSN)
    Set rngStdInputs1 = wsStdInputs.Range(""A8"", ""AT56"")

    vntDefaultInputs(1, 1) = Empty
    vntDefaultInputs(1, 2) = Empty
    vntDefaultInputs(1, 3) = Empty
    vntDefaultInputs(1, 4) = ""design_flow_I""
    vntDefaultInputs(1, 5) = ""df_units""
    vntDefaultInputs(1, 6) = ""average_flow_I""
    vntDefaultInputs(1, 7) = ""af_units""
    vntDefaultInputs(1, 8) = ""regen_type_I""
    vntDefaultInputs(1, 9) = ""freund_type_I""
    vntDefaultInputs(1, 10) = ""freund_1""
    vntDefaultInputs(1, 11) = ""freund_2""
    vntDefaultInputs(1, 12) = ""C_0""
    vntDefaultInputs(1, 13) = ""C_b""
    vntDefaultInputs(1, 14) = ""EBCT_type_I""
    vntDefaultInputs(1, 15) = ""EBCT_I""
    vntDefaultInputs(1, 16) = ""EBCT_O""
    vntDefaultInputs(1, 17) = ""Kss""
    vntDefaultInputs(1, 18) = ""num_tanks_I""
    vntDefaultInputs(1, 19) = ""bed_depth""
    vntDefaultInputs(1, 20) = ""tank_geom_I""
    vntDefaultInputs(1, 21) = ""comm_height_length""
    vntDefaultInputs(1, 22) = ""comm_diam""
    vntDefaultInputs(1, 23) = ""basin_width""
    vntDefaultInputs(1, 24) = ""basin_length""
    vntDefaultInputs(1, 25) = ""basin_op_depth""
    vntDefaultInputs(1, 26) = ""back_interval_I""
    vntDefaultInputs(1, 27) = ""res_s2_opt_I""
    vntDefaultInputs(1, 28) = ""res_s1_opt_I""
    vntDefaultInputs(1, 29) = ""transfer_method_I""
    vntDefaultInputs(1, 30) = ""solids_haz_I""
    vntDefaultInputs(1, 31) = ""NRD_I""
    vntDefaultInputs(1, 32) = ""lines_pump_I""
    vntDefaultInputs(1, 33) = ""no_backwash_I""
    vntDefaultInputs(1, 34) = ""no_back_tank_I""
    vntDefaultInputs(1, 35) = ""manual_I""
    vntDefaultInputs(1, 36) = ""component_level_I""
    vntDefaultInputs(1, 37) = ""include_buildings_I""
    vntDefaultInputs(1, 38) = ""include_HVAC_I""
    vntDefaultInputs(1, 39) = ""include_land_I""
    vntDefaultInputs(1, 40) = ""addon_I""
    vntDefaultInputs(1, 41) = ""retrofit_I""
    vntDefaultInputs(1, 42) = ""r_freund_type_I""
    vntDefaultInputs(1, 43) = ""r_freund_1""
    vntDefaultInputs(1, 44) = ""r_freund_2""
    vntDefaultInputs(1, 45) = ""r_C_0""
    vntDefaultInputs(1, 46) = ""r_C_b""
    vntDefaultInputs(2, 1) = 1
    vntDefaultInputs(2, 2) = 1
    vntDefaultInputs(2, 3) = 1
    vntDefaultInputs(2, 4) = 0.03
    vntDefaultInputs(2, 5) = ""MGD""
    vntDefaultInputs(2, 6) = 0.007
    vntDefaultInputs(2, 7) = ""MGD""
    vntDefaultInputs(2, 8) = ""regeneration off-site (non-hazardous)""
    vntDefaultInputs(2, 9) = ""carbon life value- bed volumes""
    vntDefaultInputs(2, 10) = 31000
    vntDefaultInputs(2, 11) = Empty
    vntDefaultInputs(2, 12) = Empty
    vntDefaultInputs(2, 13) = Empty
    vntDefaultInputs(2, 14) = ""EBCT""
    vntDefaultInputs(2, 15) = 20
    vntDefaultInputs(2, 16) = Empty
    vntDefaultInputs(2, 17) = Empty
    vntDefaultInputs(2, 18) = 2
    vntDefaultInputs(2, 19) = 4
    vntDefaultInputs(2, 20) = ""upright""
    vntDefaultInputs(2, 21) = 6.5
    vntDefaultInputs(2, 22) = 3
    vntDefaultInputs(2, 23) = Empty
    vntDefaultInputs(2, 24) = Empty
    vntDefaultInputs(2, 25) = Empty
    vntDefaultInputs(2, 26) = 168
    vntDefaultInputs(2, 27) = ""POTW""
    vntDefaultInputs(2, 28) = ""no holding tank""
    vntDefaultInputs(2, 29) = ""manual transfer""
    vntDefaultInputs(2, 30) = Empty
    vntDefaultInputs(2, 31) = Empty
    vntDefaultInputs(2, 32) = 0
    vntDefaultInputs(2, 33) = Empty
    vntDefaultInputs(2, 34) = Empty
    vntDefaultInputs(2, 35) = ""fully automated""
    vntDefaultInputs(2, 36) = Empty
    vntDefaultInputs(2, 37) = Empty
    vntDefaultInputs(2, 38) = Empty
    vntDefaultInputs(2, 39) = Empty
    vntDefaultInputs(2, 40) = Empty
    vntDefaultInputs(2, 41) = Empty
    vntDefaultInputs(2, 42) = Empty
    vntDefaultInputs(2, 43) = Empty
    vntDefaultInputs(2, 44) = Empty
    vntDefaultInputs(2, 45) = Empty
    vntDefaultInputs(2, 46) = Empty
    vntDefaultInputs(3, 1) = 1
    vntDefaultInputs(3, 2) = 1
    vntDefaultInputs(3, 3) = 2
    vntDefaultInputs(3, 4) = 0.124
    vntDefaultInputs(3, 5) = ""MGD""
    vntDefaultInputs(3, 6) = 0.035
    vntDefaultInputs(3, 7) = ""MGD""
    vntDefaultInputs(3, 8) = ""regeneration off-site (non-hazardous)""
    vntDefaultInputs(3, 9) = ""carbon life value- bed volumes""
    vntDefaultInputs(3, 10) = 31000
    vntDefaultInputs(3, 11) = Empty
    vntDefaultInputs(3, 12) = Empty
    vntDefaultInputs(3, 13) = Empty
    vntDefaultInputs(3, 14) = ""EBCT""
    vntDefaultInputs(3, 15) = 20
    vntDefaultInputs(3, 16) = Empty
    vntDefaultInputs(3, 17) = Empty
    vntDefaultInputs(3, 18) = 2
    vntDefaultInputs(3, 19) = 5.9
    vntDefaultInputs(3, 20) = ""upright""
    vntDefaultInputs(3, 21) = 9.5
    vntDefaultInputs(3, 22) = 5
    vntDefaultInputs(3, 23) = Empty
    vntDefaultInputs(3, 24) = Empty
    vntDefaultInputs(3, 25) = Empty
    vntDefaultInputs(3, 26) = 168
    vntDefaultInputs(3, 27) = ""POTW""
    vntDefaultInputs(3, 28) = ""Holding tank""
    vntDefaultInputs(3, 29) = ""manual transfer""
    vntDefaultInputs(3, 30) = ""non-hazardous""
    vntDefaultInputs(3, 31) = Empty
    vntDefaultInputs(3, 32) = 0
    vntDefaultInputs(3, 33) = Empty
    vntDefaultInputs(3, 34) = Empty
    vntDefaultInputs(3, 35) = ""fully automated""
    vntDefaultInputs(3, 36) = Empty
    vntDefaultInputs(3, 37) = Empty
    vntDefaultInputs(3, 38) = Empty
    vntDefaultInputs(3, 39) = Empty
    vntDefaultInputs(3, 40) = Empty
    vntDefaultInputs(3, 41) = Empty
    vntDefaultInputs(3, 42) = Empty
    vntDefaultInputs(3, 43) = Empty
    vntDefaultInputs(3, 44) = Empty
    vntDefaultInputs(3, 45) = Empty
    vntDefaultInputs(3, 46) = Empty
    vntDefaultInputs(4, 1) = 1
    vntDefaultInputs(4, 2) = 1
    vntDefaultInputs(4, 3) = 3
    vntDefaultInputs(4, 4) = 0.305
    vntDefaultInputs(4, 5) = ""MGD""
    vntDefaultInputs(4, 6) = 0.094
    vntDefaultInputs(4, 7) = ""MGD""
    vntDefaultInputs(4, 8) = ""regeneration off-site (non-hazardous)""
    vntDefaultInputs(4, 9) = ""carbon life value- bed volumes""
    vntDefaultInputs(4, 10) = 31000
    vntDefaultInputs(4, 11) = Empty
    vntDefaultInputs(4, 12) = Empty
    vntDefaultInputs(4, 13) = Empty
    vntDefaultInputs(4, 14) = ""EBCT""
    vntDefaultInputs(4, 15) = 20
    vntDefaultInputs(4, 16) = Empty
    vntDefaultInputs(4, 17) = Empty
    vntDefaultInputs(4, 18) = 2
    vntDefaultInputs(4, 19) = 6.5
    vntDefaultInputs(4, 20) = ""upright""
    vntDefaultInputs(4, 21) = 10.5
    vntDefaultInputs(4, 22) = 7.5
    vntDefaultInputs(4, 23) = Empty
    vntDefaultInputs(4, 24) = Empty
    vntDefaultInputs(4, 25) = Empty
    vntDefaultInputs(4, 26) = 168
    vntDefaultInputs(4, 27) = ""POTW""
    vntDefaultInputs(4, 28) = ""Holding tank""
    vntDefaultInputs(4, 29) = ""manual transfer""
    vntDefaultInputs(4, 30) = ""non-hazardous""
    vntDefaultInputs(4, 31) = Empty
    vntDefaultInputs(4, 32) = 0
    vntDefaultInputs(4, 33) = Empty
    vntDefaultInputs(4, 34) = Empty
    vntDefaultInputs(4, 35) = ""fully automated""
    vntDefaultInputs(4, 36) = Empty
    vntDefaultInputs(4, 37) = Empty
    vntDefaultInputs(4, 38) = Empty
    vntDefaultInputs(4, 39) = Empty
    vntDefaultInputs(4, 40) = Empty
    vntDefaultInputs(4, 41) = Empty
    vntDefaultInputs(4, 42) = Empty
    vntDefaultInputs(4, 43) = Empty
    vntDefaultInputs(4, 44) = Empty
    vntDefaultInputs(4, 45) = Empty
    vntDefaultInputs(4, 46) = Empty
    vntDefaultInputs(5, 1) = 1
    vntDefaultInputs(5, 2) = 1
    vntDefaultInputs(5, 3) = 4
    vntDefaultInputs(5, 4) = 0.74
    vntDefaultInputs(5, 5) = ""MGD""
    vntDefaultInputs(5, 6) = 0.251
    vntDefaultInputs(5, 7) = ""MGD""
    vntDefaultInputs(5, 8) = ""regeneration off-site (non-hazardous)""
    vntDefaultInputs(5, 9) = ""carbon life value- bed volumes""
    vntDefaultInputs(5, 10) = 31000
    vntDefaultInputs(5, 11) = Empty
    vntDefaultInputs(5, 12) = Empty
    vntDefaultInputs(5, 13) = Empty
    vntDefaultInputs(5, 14) = ""EBCT""
    vntDefaultInputs(5, 15) = 20
    vntDefaultInputs(5, 16) = Empty
    vntDefaultInputs(5, 17) = Empty
    vntDefaultInputs(5, 18) = 2
    vntDefaultInputs(5, 19) = 6.7
    vntDefaultInputs(5, 20) = ""upright""
    vntDefaultInputs(5, 21) = 11
    vntDefaultInputs(5, 22) = 11.5
    vntDefaultInputs(5, 23) = Empty
    vntDefaultInputs(5, 24) = Empty
    vntDefaultInputs(5, 25) = Empty
    vntDefaultInputs(5, 26) = 168
    vntDefaultInputs(5, 27) = ""POTW""
    vntDefaultInputs(5, 28) = ""Holding tank""
    vntDefaultInputs(5, 29) = ""manual transfer""
    vntDefaultInputs(5, 30) = ""non-hazardous""
    vntDefaultInputs(5, 31) = Empty
    vntDefaultInputs(5, 32) = 0
    vntDefaultInputs(5, 33) = Empty
    vntDefaultInputs(5, 34) = Empty
    vntDefaultInputs(5, 35) = ""fully automated""
    vntDefaultInputs(5, 36) = Empty
    vntDefaultInputs(5, 37) = Empty
    vntDefaultInputs(5, 38) = Empty
    vntDefaultInputs(5, 39) = Empty
    vntDefaultInputs(5, 40) = Empty
    vntDefaultInputs(5, 41) = Empty
    vntDefaultInputs(5, 42) = Empty
    vntDefaultInputs(5, 43) = Empty
    vntDefaultInputs(5, 44) = Empty
    vntDefaultInputs(5, 45) = Empty
    vntDefaultInputs(5, 46) = Empty
    vntDefaultInputs(6, 1) = 1
    vntDefaultInputs(6, 2) = 1
    vntDefaultInputs(6, 3) = 5
    vntDefaultInputs(6, 4) = 2.152
    vntDefaultInputs(6, 5) = ""MGD""
    vntDefaultInputs(6, 6) = 0.819
    vntDefaultInputs(6, 7) = ""MGD""
    vntDefaultInputs(6, 8) = ""regeneration off-site (non-hazardous)""
    vntDefaultInputs(6, 9) = ""carbon life value- bed volumes""
    vntDefaultInputs(6, 10) = 31000
    vntDefaultInputs(6, 11) = Empty
    vntDefaultInputs(6, 12) = Empty
    vntDefaultInputs(6, 13) = Empty
    vntDefaultInputs(6, 14) = ""EBCT""
    vntDefaultInputs(6, 15) = 20
    vntDefaultInputs(6, 16) = Empty
    vntDefaultInputs(6, 17) = Empty
    vntDefaultInputs(6, 18) = 2
    vntDefaultInputs(6, 19) = 6.5
    vntDefaultInputs(6, 20) = ""upright""
    vntDefaultInputs(6, 21) = 10.5
    vntDefaultInputs(6, 22) = 11.5
    vntDefaultInputs(6, 23) = Empty
    vntDefaultInputs(6, 24) = Empty
    vntDefaultInputs(6, 25) = Empty
    vntDefaultInputs(6, 26) = 168
    vntDefaultInputs(6, 27) = ""POTW""
    vntDefaultInputs(6, 28) = ""Holding tank""
    vntDefaultInputs(6, 29) = ""manual transfer""
    vntDefaultInputs(6, 30) = ""non-hazardous""
    vntDefaultInputs(6, 31) = Empty
    vntDefaultInputs(6, 32) = 0
    vntDefaultInputs(6, 33) = Empty
    vntDefaultInputs(6, 34) = Empty
    vntDefaultInputs(6, 35) = ""fully automated""
    vntDefaultInputs(6, 36) = Empty
    vntDefaultInputs(6, 37) = Empty
    vntDefaultInputs(6, 38) = Empty
    vntDefaultInputs(6, 39) = Empty
    vntDefaultInputs(6, 40) = Empty
    vntDefaultInputs(6, 41) = Empty
    vntDefaultInputs(6, 42) = Empty
    vntDefaultInputs(6, 43) = Empty
    vntDefaultInputs(6, 44) = Empty
    vntDefaultInputs(6, 45) = Empty
    vntDefaultInputs(6, 46) = Empty
    vntDefaultInputs(7, 1) = 1
    vntDefaultInputs(7, 2) = 1
    vntDefaultInputs(7, 3) = 6
    vntDefaultInputs(7, 4) = 7.365
    vntDefaultInputs(7, 5) = ""MGD""
    vntDefaultInputs(7, 6) = 3.2
    vntDefaultInputs(7, 7) = ""MGD""
    vntDefaultInputs(7, 8) = ""regeneration off-site (non-hazardous)""
    vntDefaultInputs(7, 9) = ""carbon life value- bed volumes""
    vntDefaultInputs(7, 10) = 31000
    vntDefaultInputs(7, 11) = Empty
    vntDefaultInputs(7, 12) = Empty
    vntDefaultInputs(7, 13) = Empty
    vntDefaultInputs(7, 14) = ""EBCT""
    vntDefaultInputs(7, 15) = 20
    vntDefaultInputs(7, 16) = Empty
    vntDefaultInputs(7, 17) = Empty
    vntDefaultInputs(7, 18) = 2
    vntDefaultInputs(7, 19) = 7
    vntDefaultInputs(7, 20) = ""upright""
    vntDefaultInputs(7, 21) = 11
    vntDefaultInputs(7, 22) = 12.5
    vntDefaultInputs(7, 23) = Empty
    vntDefaultInputs(7, 24) = Empty
    vntDefaultInputs(7, 25) = Empty
    vntDefaultInputs(7, 26) = 168
    vntDefaultInputs(7, 27) = ""POTW""
    vntDefaultInputs(7, 28) = ""Holding tank""
    vntDefaultInputs(7, 29) = ""eductors""
    vntDefaultInputs(7, 30) = ""non-hazardous""
    vntDefaultInputs(7, 31) = Empty
    vntDefaultInputs(7, 32) = 0
    vntDefaultInputs(7, 33) = Empty
    vntDefaultInputs(7, 34) = Empty
    vntDefaultInputs(7, 35) = ""fully automated""
    vntDefaultInputs(7, 36) = Empty
    vntDefaultInputs(7, 37) = Empty
    vntDefaultInputs(7, 38) = Empty
    vntDefaultInputs(7, 39) = Empty
    vntDefaultInputs(7, 40) = Empty
    vntDefaultInputs(7, 41) = Empty
    vntDefaultInputs(7, 42) = Empty
    vntDefaultInputs(7, 43) = Empty
    vntDefaultInputs(7, 44) = Empty
    vntDefaultInputs(7, 45) = Empty
    vntDefaultInputs(7, 46) = Empty
    vntDefaultInputs(8, 1) = 1
    vntDefaultInputs(8, 2) = 1
    vntDefaultInputs(8, 3) = 7
    vntDefaultInputs(8, 4) = 22.614
    vntDefaultInputs(8, 5) = ""MGD""
    vntDefaultInputs(8, 6) = 11.066
    vntDefaultInputs(8, 7) = ""MGD""
    vntDefaultInputs(8, 8) = ""regeneration off-site (non-hazardous)""
    vntDefaultInputs(8, 9) = ""carbon life value- bed volumes""
    vntDefaultInputs(8, 10) = 31000
    vntDefaultInputs(8, 11) = Empty
    vntDefaultInputs(8, 12) = Empty
    vntDefaultInputs(8, 13) = Empty
    vntDefaultInputs(8, 14) = ""EBCT""
    vntDefaultInputs(8, 15) = 20
    vntDefaultInputs(8, 16) = Empty
    vntDefaultInputs(8, 17) = Empty
    vntDefaultInputs(8, 18) = 2
    vntDefaultInputs(8, 19) = 6.9
    vntDefaultInputs(8, 20) = ""horizontal""
    vntDefaultInputs(8, 21) = 20
    vntDefaultInputs(8, 22) = 14
    vntDefaultInputs(8, 23) = Empty
    vntDefaultInputs(8, 24) = Empty
    vntDefaultInputs(8, 25) = Empty
    vntDefaultInputs(8, 26) = 168
    vntDefaultInputs(8, 27) = ""POTW""
    vntDefaultInputs(8, 28) = ""Holding tank""
    vntDefaultInputs(8, 29) = ""eductors""
    vntDefaultInputs(8, 30) = ""non-hazardous""
    vntDefaultInputs(8, 31) = Empty
    vntDefaultInputs(8, 32) = 0
    vntDefaultInputs(8, 33) = Empty
    vntDefaultInputs(8, 34) = Empty
    vntDefaultInputs(8, 35) = ""fully automated""
    vntDefaultInputs(8, 36) = Empty
    vntDefaultInputs(8, 37) = Empty
    vntDefaultInputs(8, 38) = Empty
    vntDefaultInputs(8, 39) = Empty
    vntDefaultInputs(8, 40) = Empty
    vntDefaultInputs(8, 41) = Empty
    vntDefaultInputs(8, 42) = Empty
    vntDefaultInputs(8, 43) = Empty
    vntDefaultInputs(8, 44) = Empty
    vntDefaultInputs(8, 45) = Empty
    vntDefaultInputs(8, 46) = Empty
    vntDefaultInputs(9, 1) = 1
    vntDefaultInputs(9, 2) = 1
    vntDefaultInputs(9, 3) = 8
    vntDefaultInputs(9, 4) = 75.072
    vntDefaultInputs(9, 5) = ""MGD""
    vntDefaultInputs(9, 6) = 37.536
    vntDefaultInputs(9, 7) = ""MGD""
    vntDefaultInputs(9, 8) = ""regeneration off-site (non-hazardous)""
    vntDefaultInputs(9, 9) = ""carbon life value- bed volumes""
    vntDefaultInputs(9, 10) = 31000
    vntDefaultInputs(9, 11) = Empty
    vntDefaultInputs(9, 12) = Empty
    vntDefaultInputs(9, 13) = Empty
    vntDefaultInputs(9, 14) = ""EBCT""
    vntDefaultInputs(9, 15) = 20
    vntDefaultInputs(9, 16) = Empty
    vntDefaultInputs(9, 17) = Empty
    vntDefaultInputs(9, 18) = 2
    vntDefaultInputs(9, 19) = 7.4
    vntDefaultInputs(9, 20) = ""horizontal""
    vntDefaultInputs(9, 21) = 20
    vntDefaultInputs(9, 22) = 14
    vntDefaultInputs(9, 23) = Empty
    vntDefaultInputs(9, 24) = Empty
    vntDefaultInputs(9, 25) = Empty
    vntDefaultInputs(9, 26) = 168
    vntDefaultInputs(9, 27) = ""POTW""
    vntDefaultInputs(9, 28) = ""Holding tank""
    vntDefaultInputs(9, 29) = ""eductors""
    vntDefaultInputs(9, 30) = ""non-hazardous""
    vntDefaultInputs(9, 31) = Empty
    vntDefaultInputs(9, 32) = 0
    vntDefaultInputs(9, 33) = Empty
    vntDefaultInputs(9, 34) = Empty
    vntDefaultInputs(9, 35) = ""fully automated""
    vntDefaultInputs(9, 36) = Empty
    vntDefaultInputs(9, 37) = Empty
    vntDefaultInputs(9, 38) = Empty
    vntDefaultInputs(9, 39) = Empty
    vntDefaultInputs(9, 40) = Empty
    vntDefaultInputs(9, 41) = Empty
    vntDefaultInputs(9, 42) = Empty
    vntDefaultInputs(9, 43) = Empty
    vntDefaultInputs(9, 44) = Empty
    vntDefaultInputs(9, 45) = Empty
    vntDefaultInputs(9, 46) = Empty
    vntDefaultInputs(10, 1) = 1
    vntDefaultInputs(10, 2) = 2
    vntDefaultInputs(10, 3) = 1
    vntDefaultInputs(10, 4) = 0.03
    vntDefaultInputs(10, 5) = ""MGD""
    vntDefaultInputs(10, 6) = 0.007
    vntDefaultInputs(10, 7) = ""MGD""
    vntDefaultInputs(10, 8) = ""regeneration off-site (non-hazardous)""
    vntDefaultInputs(10, 9) = ""carbon life value- bed volumes""
    vntDefaultInputs(10, 10) = 31000
    vntDefaultInputs(10, 11) = Empty
    vntDefaultInputs(10, 12) = Empty
    vntDefaultInputs(10, 13) = Empty
    vntDefaultInputs(10, 14) = ""EBCT""
    vntDefaultInputs(10, 15) = 20
    vntDefaultInputs(10, 16) = Empty
    vntDefaultInputs(10, 17) = Empty
    vntDefaultInputs(10, 18) = Empty
    vntDefaultInputs(10, 19) = Empty
    vntDefaultInputs(10, 20) = Empty
    vntDefaultInputs(10, 21) = Empty
    vntDefaultInputs(10, 22) = Empty
    vntDefaultInputs(10, 23) = 6
    vntDefaultInputs(10, 24) = 6
    vntDefaultInputs(10, 25) = 3
    vntDefaultInputs(10, 26) = 168
    vntDefaultInputs(10, 27) = ""POTW""
    vntDefaultInputs(10, 28) = ""holding tank""
    vntDefaultInputs(10, 29) = ""manual transfer""
    vntDefaultInputs(10, 30) = ""non-hazardous""
    vntDefaultInputs(10, 31) = Empty
    vntDefaultInputs(10, 32) = Empty
    vntDefaultInputs(10, 33) = Empty
    vntDefaultInputs(10, 34) = Empty
    vntDefaultInputs(10, 35) = ""fully automated""
    vntDefaultInputs(10, 36) = Empty
    vntDefaultInputs(10, 37) = Empty
    vntDefaultInputs(10, 38) = Empty
    vntDefaultInputs(10, 39) = Empty
    vntDefaultInputs(10, 40) = Empty
    vntDefaultInputs(10, 41) = Empty
    vntDefaultInputs(10, 42) = Empty
    vntDefaultInputs(10, 43) = Empty
    vntDefaultInputs(10, 44) = Empty
    vntDefaultInputs(10, 45) = Empty
    vntDefaultInputs(10, 46) = Empty
    vntDefaultInputs(11, 1) = 1
    vntDefaultInputs(11, 2) = 2
    vntDefaultInputs(11, 3) = 2
    vntDefaultInputs(11, 4) = 0.124
    vntDefaultInputs(11, 5) = ""MGD""
    vntDefaultInputs(11, 6) = 0.035
    vntDefaultInputs(11, 7) = ""MGD""
    vntDefaultInputs(11, 8) = ""regeneration off-site (non-hazardous)""
    vntDefaultInputs(11, 9) = ""carbon life value- bed volumes""
    vntDefaultInputs(11, 10) = 31000
    vntDefaultInputs(11, 11) = Empty
    vntDefaultInputs(11, 12) = Empty
    vntDefaultInputs(11, 13) = Empty
    vntDefaultInputs(11, 14) = ""EBCT""
    vntDefaultInputs(11, 15) = 20
    vntDefaultInputs(11, 16) = Empty
    vntDefaultInputs(11, 17) = Empty
    vntDefaultInputs(11, 18) = Empty
    vntDefaultInputs(11, 19) = Empty
    vntDefaultInputs(11, 20) = Empty
    vntDefaultInputs(11, 21) = Empty
    vntDefaultInputs(11, 22) = Empty
    vntDefaultInputs(11, 23) = 6
    vntDefaultInputs(11, 24) = 6
    vntDefaultInputs(11, 25) = 3.2
    vntDefaultInputs(11, 26) = 168
    vntDefaultInputs(11, 27) = ""POTW""
    vntDefaultInputs(11, 28) = ""holding tank""
    vntDefaultInputs(11, 29) = ""manual transfer""
    vntDefaultInputs(11, 30) = ""non-hazardous""
    vntDefaultInputs(11, 31) = Empty
    vntDefaultInputs(11, 32) = Empty
    vntDefaultInputs(11, 33) = Empty
    vntDefaultInputs(11, 34) = Empty
    vntDefaultInputs(11, 35) = ""fully automated""
    vntDefaultInputs(11, 36) = Empty
    vntDefaultInputs(11, 37) = Empty
    vntDefaultInputs(11, 38) = Empty
    vntDefaultInputs(11, 39) = Empty
    vntDefaultInputs(11, 40) = Empty
    vntDefaultInputs(11, 41) = Empty
    vntDefaultInputs(11, 42) = Empty
    vntDefaultInputs(11, 43) = Empty
    vntDefaultInputs(11, 44) = Empty
    vntDefaultInputs(11, 45) = Empty
    vntDefaultInputs(11, 46) = Empty
    vntDefaultInputs(12, 1) = 1
    vntDefaultInputs(12, 2) = 2
    vntDefaultInputs(12, 3) = 3
    vntDefaultInputs(12, 4) = 0.305
    vntDefaultInputs(12, 5) = ""MGD""
    vntDefaultInputs(12, 6) = 0.094
    vntDefaultInputs(12, 7) = ""MGD""
    vntDefaultInputs(12, 8) = ""regeneration off-site (non-hazardous)""
    vntDefaultInputs(12, 9) = ""carbon life value- bed volumes""
    vntDefaultInputs(12, 10) = 31000
    vntDefaultInputs(12, 11) = Empty
    vntDefaultInputs(12, 12) = Empty
    vntDefaultInputs(12, 13) = Empty
    vntDefaultInputs(12, 14) = ""EBCT""
    vntDefaultInputs(12, 15) = 20
    vntDefaultInputs(12, 16) = Empty
    vntDefaultInputs(12, 17) = Empty
    vntDefaultInputs(12, 18) = Empty
    vntDefaultInputs(12, 19) = Empty
    vntDefaultInputs(12, 20) = Empty
    vntDefaultInputs(12, 21) = Empty
    vntDefaultInputs(12, 22) = Empty
    vntDefaultInputs(12, 23) = 7
    vntDefaultInputs(12, 24) = 7
    vntDefaultInputs(12, 25) = 5.8
    vntDefaultInputs(12, 26) = 168
    vntDefaultInputs(12, 27) = ""POTW""
    vntDefaultInputs(12, 28) = ""holding tank""
    vntDefaultInputs(12, 29) = ""manual transfer""
    vntDefaultInputs(12, 30) = ""non-hazardous""
    vntDefaultInputs(12, 31) = Empty
    vntDefaultInputs(12, 32) = Empty
    vntDefaultInputs(12, 33) = Empty
    vntDefaultInputs(12, 34) = Empty
    vntDefaultInputs(12, 35) = ""fully automated""
    vntDefaultInputs(12, 36) = Empty
    vntDefaultInputs(12, 37) = Empty
    vntDefaultInputs(12, 38) = Empty
    vntDefaultInputs(12, 39) = Empty
    vntDefaultInputs(12, 40) = Empty
    vntDefaultInputs(12, 41) = Empty
    vntDefaultInputs(12, 42) = Empty
    vntDefaultInputs(12, 43) = Empty
    vntDefaultInputs(12, 44) = Empty
    vntDefaultInputs(12, 45) = Empty
    vntDefaultInputs(12, 46) = Empty
    vntDefaultInputs(13, 1) = 1
    vntDefaultInputs(13, 2) = 2
    vntDefaultInputs(13, 3) = 4
    vntDefaultInputs(13, 4) = 0.74
    vntDefaultInputs(13, 5) = ""MGD""
    vntDefaultInputs(13, 6) = 0.251
    vntDefaultInputs(13, 7) = ""MGD""
    vntDefaultInputs(13, 8) = ""regeneration off-site (non-hazardous)""
    vntDefaultInputs(13, 9) = ""carbon life value- bed volumes""
    vntDefaultInputs(13, 10) = 31000
    vntDefaultInputs(13, 11) = Empty
    vntDefaultInputs(13, 12) = Empty
    vntDefaultInputs(13, 13) = Empty
    vntDefaultInputs(13, 14) = ""EBCT""
    vntDefaultInputs(13, 15) = 20
    vntDefaultInputs(13, 16) = Empty
    vntDefaultInputs(13, 17) = Empty
    vntDefaultInputs(13, 18) = Empty
    vntDefaultInputs(13, 19) = Empty
    vntDefaultInputs(13, 20) = Empty
    vntDefaultInputs(13, 21) = Empty
    vntDefaultInputs(13, 22) = Empty
    vntDefaultInputs(13, 23) = 11
    vntDefaultInputs(13, 24) = 11
    vntDefaultInputs(13, 25) = 5.7
    vntDefaultInputs(13, 26) = 168
    vntDefaultInputs(13, 27) = ""POTW""
    vntDefaultInputs(13, 28) = ""holding tank""
    vntDefaultInputs(13, 29) = ""manual transfer""
    vntDefaultInputs(13, 30) = ""non-hazardous""
    vntDefaultInputs(13, 31) = Empty
    vntDefaultInputs(13, 32) = Empty
    vntDefaultInputs(13, 33) = Empty
    vntDefaultInputs(13, 34) = Empty
    vntDefaultInputs(13, 35) = ""fully automated""
    vntDefaultInputs(13, 36) = Empty
    vntDefaultInputs(13, 37) = Empty
    vntDefaultInputs(13, 38) = Empty
    vntDefaultInputs(13, 39) = Empty
    vntDefaultInputs(13, 40) = Empty
    vntDefaultInputs(13, 41) = Empty
    vntDefaultInputs(13, 42) = Empty
    vntDefaultInputs(13, 43) = Empty
    vntDefaultInputs(13, 44) = Empty
    vntDefaultInputs(13, 45) = Empty
    vntDefaultInputs(13, 46) = Empty
    vntDefaultInputs(14, 1) = 1
    vntDefaultInputs(14, 2) = 2
    vntDefaultInputs(14, 3) = 5
    vntDefaultInputs(14, 4) = 2.152
    vntDefaultInputs(14, 5) = ""MGD""
    vntDefaultInputs(14, 6) = 0.819
    vntDefaultInputs(14, 7) = ""MGD""
    vntDefaultInputs(14, 8) = ""regeneration off-site (non-hazardous)""
    vntDefaultInputs(14, 9) = ""carbon life value- bed volumes""
    vntDefaultInputs(14, 10) = 31000
    vntDefaultInputs(14, 11) = Empty
    vntDefaultInputs(14, 12) = Empty
    vntDefaultInputs(14, 13) = Empty
    vntDefaultInputs(14, 14) = ""EBCT""
    vntDefaultInputs(14, 15) = 20
    vntDefaultInputs(14, 16) = Empty
    vntDefaultInputs(14, 17) = Empty
    vntDefaultInputs(14, 18) = Empty
    vntDefaultInputs(14, 19) = Empty
    vntDefaultInputs(14, 20) = Empty
    vntDefaultInputs(14, 21) = Empty
    vntDefaultInputs(14, 22) = Empty
    vntDefaultInputs(14, 23) = 10
    vntDefaultInputs(14, 24) = 10
    vntDefaultInputs(14, 25) = 8
    vntDefaultInputs(14, 26) = 168
    vntDefaultInputs(14, 27) = ""POTW""
    vntDefaultInputs(14, 28) = ""holding tank""
    vntDefaultInputs(14, 29) = ""manual transfer""
    vntDefaultInputs(14, 30) = ""non-hazardous""
    vntDefaultInputs(14, 31) = Empty
    vntDefaultInputs(14, 32) = Empty
    vntDefaultInputs(14, 33) = Empty
    vntDefaultInputs(14, 34) = Empty
    vntDefaultInputs(14, 35) = ""fully automated""
    vntDefaultInputs(14, 36) = Empty
    vntDefaultInputs(14, 37) = Empty
    vntDefaultInputs(14, 38) = Empty
    vntDefaultInputs(14, 39) = Empty
    vntDefaultInputs(14, 40) = Empty
    vntDefaultInputs(14, 41) = Empty
    vntDefaultInputs(14, 42) = Empty
    vntDefaultInputs(14, 43) = Empty
    vntDefaultInputs(14, 44) = Empty
    vntDefaultInputs(14, 45) = Empty
    vntDefaultInputs(14, 46) = Empty
    vntDefaultInputs(15, 1) = 1
    vntDefaultInputs(15, 2) = 2
    vntDefaultInputs(15, 3) = 6
    vntDefaultInputs(15, 4) = 7.365
    vntDefaultInputs(15, 5) = ""MGD""
    vntDefaultInputs(15, 6) = 3.2
    vntDefaultInputs(15, 7) = ""MGD""
    vntDefaultInputs(15, 8) = ""regeneration off-site (non-hazardous)""
    vntDefaultInputs(15, 9) = ""carbon life value- bed volumes""
    vntDefaultInputs(15, 10) = 31000
    vntDefaultInputs(15, 11) = Empty
    vntDefaultInputs(15, 12) = Empty
    vntDefaultInputs(15, 13) = Empty
    vntDefaultInputs(15, 14) = ""EBCT""
    vntDefaultInputs(15, 15) = 20
    vntDefaultInputs(15, 16) = Empty
    vntDefaultInputs(15, 17) = Empty
    vntDefaultInputs(15, 18) = Empty
    vntDefaultInputs(15, 19) = Empty
    vntDefaultInputs(15, 20) = Empty
    vntDefaultInputs(15, 21) = Empty
    vntDefaultInputs(15, 22) = Empty
    vntDefaultInputs(15, 23) = 17
    vntDefaultInputs(15, 24) = 17
    vntDefaultInputs(15, 25) = 7.9
    vntDefaultInputs(15, 26) = 168
    vntDefaultInputs(15, 27) = ""POTW""
    vntDefaultInputs(15, 28) = ""holding tank""
    vntDefaultInputs(15, 29) = ""eductors""
    vntDefaultInputs(15, 30) = ""non-hazardous""
    vntDefaultInputs(15, 31) = Empty
    vntDefaultInputs(15, 32) = Empty
    vntDefaultInputs(15, 33) = Empty
    vntDefaultInputs(15, 34) = Empty
    vntDefaultInputs(15, 35) = ""fully automated""
    vntDefaultInputs(15, 36) = Empty
    vntDefaultInputs(15, 37) = Empty
    vntDefaultInputs(15, 38) = Empty
    vntDefaultInputs(15, 39) = Empty
    vntDefaultInputs(15, 40) = Empty
    vntDefaultInputs(15, 41) = Empty
    vntDefaultInputs(15, 42) = Empty
    vntDefaultInputs(15, 43) = Empty
    vntDefaultInputs(15, 44) = Empty
    vntDefaultInputs(15, 45) = Empty
    vntDefaultInputs(15, 46) = Empty
    vntDefaultInputs(16, 1) = 1
    vntDefaultInputs(16, 2) = 2
    vntDefaultInputs(16, 3) = 7
    vntDefaultInputs(16, 4) = 22.614
    vntDefaultInputs(16, 5) = ""MGD""
    vntDefaultInputs(16, 6) = 11.066
    vntDefaultInputs(16, 7) = ""MGD""
    vntDefaultInputs(16, 8) = ""regeneration off-site (non-hazardous)""
    vntDefaultInputs(16, 9) = ""carbon life value- bed volumes""
    vntDefaultInputs(16, 10) = 31000
    vntDefaultInputs(16, 11) = Empty
    vntDefaultInputs(16, 12) = Empty
    vntDefaultInputs(16, 13) = Empty
    vntDefaultInputs(16, 14) = ""EBCT""
    vntDefaultInputs(16, 15) = 20
    vntDefaultInputs(16, 16) = Empty
    vntDefaultInputs(16, 17) = Empty
    vntDefaultInputs(16, 18) = Empty
    vntDefaultInputs(16, 19) = Empty
    vntDefaultInputs(16, 20) = Empty
    vntDefaultInputs(16, 21) = Empty
    vntDefaultInputs(16, 22) = Empty
    vntDefaultInputs(16, 23) = 21
    vntDefaultInputs(16, 24) = 21
    vntDefaultInputs(16, 25) = 8
    vntDefaultInputs(16, 26) = 168
    vntDefaultInputs(16, 27) = ""POTW""
    vntDefaultInputs(16, 28) = ""holding tank""
    vntDefaultInputs(16, 29) = ""eductors""
    vntDefaultInputs(16, 30) = ""non-hazardous""
    vntDefaultInputs(16, 31) = Empty
    vntDefaultInputs(16, 32) = Empty
    vntDefaultInputs(16, 33) = Empty
    vntDefaultInputs(16, 34) = Empty
    vntDefaultInputs(16, 35) = ""fully automated""
    vntDefaultInputs(16, 36) = Empty
    vntDefaultInputs(16, 37) = Empty
    vntDefaultInputs(16, 38) = Empty
    vntDefaultInputs(16, 39) = Empty
    vntDefaultInputs(16, 40) = Empty
    vntDefaultInputs(16, 41) = Empty
    vntDefaultInputs(16, 42) = Empty
    vntDefaultInputs(16, 43) = Empty
    vntDefaultInputs(16, 44) = Empty
    vntDefaultInputs(16, 45) = Empty
    vntDefaultInputs(16, 46) = Empty
    vntDefaultInputs(17, 1) = 1
    vntDefaultInputs(17, 2) = 2
    vntDefaultInputs(17, 3) = 8
    vntDefaultInputs(17, 4) = 75.072
    vntDefaultInputs(17, 5) = ""MGD""
    vntDefaultInputs(17, 6) = 37.536
    vntDefaultInputs(17, 7) = ""MGD""
    vntDefaultInputs(17, 8) = ""regeneration off-site (non-hazardous)""
    vntDefaultInputs(17, 9) = ""carbon life value- bed volumes""
    vntDefaultInputs(17, 10) = 31000
    vntDefaultInputs(17, 11) = Empty
    vntDefaultInputs(17, 12) = Empty
    vntDefaultInputs(17, 13) = Empty
    vntDefaultInputs(17, 14) = ""EBCT""
    vntDefaultInputs(17, 15) = 20
    vntDefaultInputs(17, 16) = Empty
    vntDefaultInputs(17, 17) = Empty
    vntDefaultInputs(17, 18) = Empty
    vntDefaultInputs(17, 19) = Empty
    vntDefaultInputs(17, 20) = Empty
    vntDefaultInputs(17, 21) = Empty
    vntDefaultInputs(17, 22) = Empty
    vntDefaultInputs(17, 23) = 30
    vntDefaultInputs(17, 24) = 30
    vntDefaultInputs(17, 25) = 9.7
    vntDefaultInputs(17, 26) = 168
    vntDefaultInputs(17, 27) = ""POTW""
    vntDefaultInputs(17, 28) = ""holding tank""
    vntDefaultInputs(17, 29) = ""eductors""
    vntDefaultInputs(17, 30) = ""non-hazardous""
    vntDefaultInputs(17, 31) = Empty
    vntDefaultInputs(17, 32) = Empty
    vntDefaultInputs(17, 33) = Empty
    vntDefaultInputs(17, 34) = Empty
    vntDefaultInputs(17, 35) = ""fully automated""
    vntDefaultInputs(17, 36) = Empty
    vntDefaultInputs(17, 37) = Empty
    vntDefaultInputs(17, 38) = Empty
    vntDefaultInputs(17, 39) = Empty
    vntDefaultInputs(17, 40) = Empty
    vntDefaultInputs(17, 41) = Empty
    vntDefaultInputs(17, 42) = Empty
    vntDefaultInputs(17, 43) = Empty
    vntDefaultInputs(17, 44) = Empty
    vntDefaultInputs(17, 45) = Empty
    vntDefaultInputs(17, 46) = Empty
    vntDefaultInputs(18, 1) = 2
    vntDefaultInputs(18, 2) = 1
    vntDefaultInputs(18, 3) = 1
    vntDefaultInputs(18, 4) = 0.03
    vntDefaultInputs(18, 5) = ""MGD""
    vntDefaultInputs(18, 6) = 0.007
    vntDefaultInputs(18, 7) = ""MGD""
    vntDefaultInputs(18, 8) = ""regeneration off-site (non-hazardous)""
    vntDefaultInputs(18, 9) = ""carbon life value- bed volumes""
    vntDefaultInputs(18, 10) = 4700
    vntDefaultInputs(18, 11) = Empty
    vntDefaultInputs(18, 12) = Empty
    vntDefaultInputs(18, 13) = Empty
    vntDefaultInputs(18, 14) = ""EBCT""
    vntDefaultInputs(18, 15) = 20
    vntDefaultInputs(18, 16) = Empty
    vntDefaultInputs(18, 17) = Empty
    vntDefaultInputs(18, 18) = 2
    vntDefaultInputs(18, 19) = 4
    vntDefaultInputs(18, 20) = ""upright""
    vntDefaultInputs(18, 21) = 6.5
    vntDefaultInputs(18, 22) = 3
    vntDefaultInputs(18, 23) = Empty
    vntDefaultInputs(18, 24) = Empty
    vntDefaultInputs(18, 25) = Empty
    vntDefaultInputs(18, 26) = 168
    vntDefaultInputs(18, 27) = ""POTW""
    vntDefaultInputs(18, 28) = ""no holding tank""
    vntDefaultInputs(18, 29) = ""manual transfer""
    vntDefaultInputs(18, 30) = Empty
    vntDefaultInputs(18, 31) = Empty
    vntDefaultInputs(18, 32) = 0
    vntDefaultInputs(18, 33) = Empty
    vntDefaultInputs(18, 34) = Empty
    vntDefaultInputs(18, 35) = ""fully automated""
    vntDefaultInputs(18, 36) = Empty
    vntDefaultInputs(18, 37) = Empty
    vntDefaultInputs(18, 38) = Empty
    vntDefaultInputs(18, 39) = Empty
    vntDefaultInputs(18, 40) = Empty
    vntDefaultInputs(18, 41) = Empty
    vntDefaultInputs(18, 42) = Empty
    vntDefaultInputs(18, 43) = Empty
    vntDefaultInputs(18, 44) = Empty
    vntDefaultInputs(18, 45) = Empty
    vntDefaultInputs(18, 46) = Empty
    vntDefaultInputs(19, 1) = 2
    vntDefaultInputs(19, 2) = 1
    vntDefaultInputs(19, 3) = 2
    vntDefaultInputs(19, 4) = 0.124
    vntDefaultInputs(19, 5) = ""MGD""
    vntDefaultInputs(19, 6) = 0.035
    vntDefaultInputs(19, 7) = ""MGD""
    vntDefaultInputs(19, 8) = ""regeneration off-site (non-hazardous)""
    vntDefaultInputs(19, 9) = ""carbon life value- bed volumes""
    vntDefaultInputs(19, 10) = 4700
    vntDefaultInputs(19, 11) = Empty
    vntDefaultInputs(19, 12) = Empty
    vntDefaultInputs(19, 13) = Empty
    vntDefaultInputs(19, 14) = ""EBCT""
    vntDefaultInputs(19, 15) = 20
    vntDefaultInputs(19, 16) = Empty
    vntDefaultInputs(19, 17) = Empty
    vntDefaultInputs(19, 18) = 2
    vntDefaultInputs(19, 19) = 5.9
    vntDefaultInputs(19, 20) = ""upright""
    vntDefaultInputs(19, 21) = 9.5
    vntDefaultInputs(19, 22) = 5
    vntDefaultInputs(19, 23) = Empty
    vntDefaultInputs(19, 24) = Empty
    vntDefaultInputs(19, 25) = Empty
    vntDefaultInputs(19, 26) = 168
    vntDefaultInputs(19, 27) = ""POTW""
    vntDefaultInputs(19, 28) = ""Holding tank""
    vntDefaultInputs(19, 29) = ""manual transfer""
    vntDefaultInputs(19, 30) = ""non-hazardous""
    vntDefaultInputs(19, 31) = Empty
    vntDefaultInputs(19, 32) = 0
    vntDefaultInputs(19, 33) = Empty
    vntDefaultInputs(19, 34) = Empty
    vntDefaultInputs(19, 35) = ""fully automated""
    vntDefaultInputs(19, 36) = Empty
    vntDefaultInputs(19, 37) = Empty
    vntDefaultInputs(19, 38) = Empty
    vntDefaultInputs(19, 39) = Empty
    vntDefaultInputs(19, 40) = Empty
    vntDefaultInputs(19, 41) = Empty
    vntDefaultInputs(19, 42) = Empty
    vntDefaultInputs(19, 43) = Empty
    vntDefaultInputs(19, 44) = Empty
    vntDefaultInputs(19, 45) = Empty
    vntDefaultInputs(19, 46) = Empty
    vntDefaultInputs(20, 1) = 2
    vntDefaultInputs(20, 2) = 1
    vntDefaultInputs(20, 3) = 3
    vntDefaultInputs(20, 4) = 0.305
    vntDefaultInputs(20, 5) = ""MGD""
    vntDefaultInputs(20, 6) = 0.094
    vntDefaultInputs(20, 7) = ""MGD""
    vntDefaultInputs(20, 8) = ""regeneration off-site (non-hazardous)""
    vntDefaultInputs(20, 9) = ""carbon life value- bed volumes""
    vntDefaultInputs(20, 10) = 4700
    vntDefaultInputs(20, 11) = Empty
    vntDefaultInputs(20, 12) = Empty
    vntDefaultInputs(20, 13) = Empty
    vntDefaultInputs(20, 14) = ""EBCT""
    vntDefaultInputs(20, 15) = 20
    vntDefaultInputs(20, 16) = Empty
    vntDefaultInputs(20, 17) = Empty
    vntDefaultInputs(20, 18) = 2
    vntDefaultInputs(20, 19) = 6.5
    vntDefaultInputs(20, 20) = ""upright""
    vntDefaultInputs(20, 21) = 10.5
    vntDefaultInputs(20, 22) = 7.5
    vntDefaultInputs(20, 23) = Empty
    vntDefaultInputs(20, 24) = Empty
    vntDefaultInputs(20, 25) = Empty
    vntDefaultInputs(20, 26) = 168
    vntDefaultInputs(20, 27) = ""POTW""
    vntDefaultInputs(20, 28) = ""Holding tank""
    vntDefaultInputs(20, 29) = ""manual transfer""
    vntDefaultInputs(20, 30) = ""non-hazardous""
    vntDefaultInputs(20, 31) = Empty
    vntDefaultInputs(20, 32) = 0
    vntDefaultInputs(20, 33) = Empty
    vntDefaultInputs(20, 34) = Empty
    vntDefaultInputs(20, 35) = ""fully automated""
    vntDefaultInputs(20, 36) = Empty
    vntDefaultInputs(20, 37) = Empty
    vntDefaultInputs(20, 38) = Empty
    vntDefaultInputs(20, 39) = Empty
    vntDefaultInputs(20, 40) = Empty
    vntDefaultInputs(20, 41) = Empty
    vntDefaultInputs(20, 42) = Empty
    vntDefaultInputs(20, 43) = Empty
    vntDefaultInputs(20, 44) = Empty
    vntDefaultInputs(20, 45) = Empty
    vntDefaultInputs(20, 46) = Empty
    vntDefaultInputs(21, 1) = 2
    vntDefaultInputs(21, 2) = 1
    vntDefaultInputs(21, 3) = 4
    vntDefaultInputs(21, 4) = 0.74
    vntDefaultInputs(21, 5) = ""MGD""
    vntDefaultInputs(21, 6) = 0.251
    vntDefaultInputs(21, 7) = ""MGD""
    vntDefaultInputs(21, 8) = ""regeneration off-site (non-hazardous)""
    vntDefaultInputs(21, 9) = ""carbon life value- bed volumes""
    vntDefaultInputs(21, 10) = 4700
    vntDefaultInputs(21, 11) = Empty
    vntDefaultInputs(21, 12) = Empty
    vntDefaultInputs(21, 13) = Empty
    vntDefaultInputs(21, 14) = ""EBCT""
    vntDefaultInputs(21, 15) = 20
    vntDefaultInputs(21, 16) = Empty
    vntDefaultInputs(21, 17) = Empty
    vntDefaultInputs(21, 18) = 2
    vntDefaultInputs(21, 19) = 6.7
    vntDefaultInputs(21, 20) = ""upright""
    vntDefaultInputs(21, 21) = 11
    vntDefaultInputs(21, 22) = 11.5
    vntDefaultInputs(21, 23) = Empty
    vntDefaultInputs(21, 24) = Empty
    vntDefaultInputs(21, 25) = Empty
    vntDefaultInputs(21, 26) = 168
    vntDefaultInputs(21, 27) = ""POTW""
    vntDefaultInputs(21, 28) = ""Holding tank""
    vntDefaultInputs(21, 29) = ""manual transfer""
    vntDefaultInputs(21, 30) = ""non-hazardous""
    vntDefaultInputs(21, 31) = Empty
    vntDefaultInputs(21, 32) = 0
    vntDefaultInputs(21, 33) = Empty
    vntDefaultInputs(21, 34) = Empty
    vntDefaultInputs(21, 35) = ""fully automated""
    vntDefaultInputs(21, 36) = Empty
    vntDefaultInputs(21, 37) = Empty
    vntDefaultInputs(21, 38) = Empty
    vntDefaultInputs(21, 39) = Empty
    vntDefaultInputs(21, 40) = Empty
    vntDefaultInputs(21, 41) = Empty
    vntDefaultInputs(21, 42) = Empty
    vntDefaultInputs(21, 43) = Empty
    vntDefaultInputs(21, 44) = Empty
    vntDefaultInputs(21, 45) = Empty
    vntDefaultInputs(21, 46) = Empty
    vntDefaultInputs(22, 1) = 2
    vntDefaultInputs(22, 2) = 1
    vntDefaultInputs(22, 3) = 5
    vntDefaultInputs(22, 4) = 2.152
    vntDefaultInputs(22, 5) = ""MGD""
    vntDefaultInputs(22, 6) = 0.819
    vntDefaultInputs(22, 7) = ""MGD""
    vntDefaultInputs(22, 8) = ""regeneration off-site (non-hazardous)""
    vntDefaultInputs(22, 9) = ""carbon life value- bed volumes""
    vntDefaultInputs(22, 10) = 4700
    vntDefaultInputs(22, 11) = Empty
    vntDefaultInputs(22, 12) = Empty
    vntDefaultInputs(22, 13) = Empty
    vntDefaultInputs(22, 14) = ""EBCT""
    vntDefaultInputs(22, 15) = 20
    vntDefaultInputs(22, 16) = Empty
    vntDefaultInputs(22, 17) = Empty
    vntDefaultInputs(22, 18) = 2
    vntDefaultInputs(22, 19) = 6.5
    vntDefaultInputs(22, 20) = ""upright""
    vntDefaultInputs(22, 21) = 10.5
    vntDefaultInputs(22, 22) = 11.5
    vntDefaultInputs(22, 23) = Empty
    vntDefaultInputs(22, 24) = Empty
    vntDefaultInputs(22, 25) = Empty
    vntDefaultInputs(22, 26) = 168
    vntDefaultInputs(22, 27) = ""POTW""
    vntDefaultInputs(22, 28) = ""Holding tank""
    vntDefaultInputs(22, 29) = ""manual transfer""
    vntDefaultInputs(22, 30) = ""non-hazardous""
    vntDefaultInputs(22, 31) = Empty
    vntDefaultInputs(22, 32) = 0
    vntDefaultInputs(22, 33) = Empty
    vntDefaultInputs(22, 34) = Empty
    vntDefaultInputs(22, 35) = ""fully automated""
    vntDefaultInputs(22, 36) = Empty
    vntDefaultInputs(22, 37) = Empty
    vntDefaultInputs(22, 38) = Empty
    vntDefaultInputs(22, 39) = Empty
    vntDefaultInputs(22, 40) = Empty
    vntDefaultInputs(22, 41) = Empty
    vntDefaultInputs(22, 42) = Empty
    vntDefaultInputs(22, 43) = Empty
    vntDefaultInputs(22, 44) = Empty
    vntDefaultInputs(22, 45) = Empty
    vntDefaultInputs(22, 46) = Empty
    vntDefaultInputs(23, 1) = 2
    vntDefaultInputs(23, 2) = 1
    vntDefaultInputs(23, 3) = 6
    vntDefaultInputs(23, 4) = 7.365
    vntDefaultInputs(23, 5) = ""MGD""
    vntDefaultInputs(23, 6) = 3.2
    vntDefaultInputs(23, 7) = ""MGD""
    vntDefaultInputs(23, 8) = ""regeneration off-site (non-hazardous)""
    vntDefaultInputs(23, 9) = ""carbon life value- bed volumes""
    vntDefaultInputs(23, 10) = 4700
    vntDefaultInputs(23, 11) = Empty
    vntDefaultInputs(23, 12) = Empty
    vntDefaultInputs(23, 13) = Empty
    vntDefaultInputs(23, 14) = ""EBCT""
    vntDefaultInputs(23, 15) = 20
    vntDefaultInputs(23, 16) = Empty
    vntDefaultInputs(23, 17) = Empty
    vntDefaultInputs(23, 18) = 2
    vntDefaultInputs(23, 19) = 6.2
    vntDefaultInputs(23, 20) = ""horizontal""
    vntDefaultInputs(23, 21) = 20
    vntDefaultInputs(23, 22) = 14
    vntDefaultInputs(23, 23) = Empty
    vntDefaultInputs(23, 24) = Empty
    vntDefaultInputs(23, 25) = Empty
    vntDefaultInputs(23, 26) = 168
    vntDefaultInputs(23, 27) = ""POTW""
    vntDefaultInputs(23, 28) = ""Holding tank""
    vntDefaultInputs(23, 29) = ""eductors""
    vntDefaultInputs(23, 30) = ""non-hazardous""
    vntDefaultInputs(23, 31) = Empty
    vntDefaultInputs(23, 32) = 0
    vntDefaultInputs(23, 33) = Empty
    vntDefaultInputs(23, 34) = Empty
    vntDefaultInputs(23, 35) = ""fully automated""
    vntDefaultInputs(23, 36) = Empty
    vntDefaultInputs(23, 37) = Empty
    vntDefaultInputs(23, 38) = Empty
    vntDefaultInputs(23, 39) = Empty
    vntDefaultInputs(23, 40) = Empty
    vntDefaultInputs(23, 41) = Empty
    vntDefaultInputs(23, 42) = Empty
    vntDefaultInputs(23, 43) = Empty
    vntDefaultInputs(23, 44) = Empty
    vntDefaultInputs(23, 45) = Empty
    vntDefaultInputs(23, 46) = Empty
    vntDefaultInputs(24, 1) = 2
    vntDefaultInputs(24, 2) = 1
    vntDefaultInputs(24, 3) = 7
    vntDefaultInputs(24, 4) = 22.614
    vntDefaultInputs(24, 5) = ""MGD""
    vntDefaultInputs(24, 6) = 11.066
    vntDefaultInputs(24, 7) = ""MGD""
    vntDefaultInputs(24, 8) = ""regeneration off-site (non-hazardous)""
    vntDefaultInputs(24, 9) = ""carbon life value- bed volumes""
    vntDefaultInputs(24, 10) = 4700
    vntDefaultInputs(24, 11) = Empty
    vntDefaultInputs(24, 12) = Empty
    vntDefaultInputs(24, 13) = Empty
    vntDefaultInputs(24, 14) = ""EBCT""
    vntDefaultInputs(24, 15) = 20
    vntDefaultInputs(24, 16) = Empty
    vntDefaultInputs(24, 17) = Empty
    vntDefaultInputs(24, 18) = 2
    vntDefaultInputs(24, 19) = 6.9
    vntDefaultInputs(24, 20) = ""horizontal""
    vntDefaultInputs(24, 21) = 20
    vntDefaultInputs(24, 22) = 14
    vntDefaultInputs(24, 23) = Empty
    vntDefaultInputs(24, 24) = Empty
    vntDefaultInputs(24, 25) = Empty
    vntDefaultInputs(24, 26) = 168
    vntDefaultInputs(24, 27) = ""POTW""
    vntDefaultInputs(24, 28) = ""Holding tank""
    vntDefaultInputs(24, 29) = ""eductors""
    vntDefaultInputs(24, 30) = ""non-hazardous""
    vntDefaultInputs(24, 31) = Empty
    vntDefaultInputs(24, 32) = 0
    vntDefaultInputs(24, 33) = Empty
    vntDefaultInputs(24, 34) = Empty
    vntDefaultInputs(24, 35) = ""fully automated""
    vntDefaultInputs(24, 36) = Empty
    vntDefaultInputs(24, 37) = Empty
    vntDefaultInputs(24, 38) = Empty
    vntDefaultInputs(24, 39) = Empty
    vntDefaultInputs(24, 40) = Empty
    vntDefaultInputs(24, 41) = Empty
    vntDefaultInputs(24, 42) = Empty
    vntDefaultInputs(24, 43) = Empty
    vntDefaultInputs(24, 44) = Empty
    vntDefaultInputs(24, 45) = Empty
    vntDefaultInputs(24, 46) = Empty
    vntDefaultInputs(25, 1) = 2
    vntDefaultInputs(25, 2) = 1
    vntDefaultInputs(25, 3) = 8
    vntDefaultInputs(25, 4) = 75.072
    vntDefaultInputs(25, 5) = ""MGD""
    vntDefaultInputs(25, 6) = 37.536
    vntDefaultInputs(25, 7) = ""MGD""
    vntDefaultInputs(25, 8) = ""regeneration off-site (non-hazardous)""
    vntDefaultInputs(25, 9) = ""carbon life value- bed volumes""
    vntDefaultInputs(25, 10) = 4700
    vntDefaultInputs(25, 11) = Empty
    vntDefaultInputs(25, 12) = Empty
    vntDefaultInputs(25, 13) = Empty
    vntDefaultInputs(25, 14) = ""EBCT""
    vntDefaultInputs(25, 15) = 20
    vntDefaultInputs(25, 16) = Empty
    vntDefaultInputs(25, 17) = Empty
    vntDefaultInputs(25, 18) = 2
    vntDefaultInputs(25, 19) = 7.4
    vntDefaultInputs(25, 20) = ""horizontal""
    vntDefaultInputs(25, 21) = 20
    vntDefaultInputs(25, 22) = 14
    vntDefaultInputs(25, 23) = Empty
    vntDefaultInputs(25, 24) = Empty
    vntDefaultInputs(25, 25) = Empty
    vntDefaultInputs(25, 26) = 168
    vntDefaultInputs(25, 27) = ""POTW""
    vntDefaultInputs(25, 28) = ""Holding tank""
    vntDefaultInputs(25, 29) = ""eductors""
    vntDefaultInputs(25, 30) = ""non-hazardous""
    vntDefaultInputs(25, 31) = Empty
    vntDefaultInputs(25, 32) = 0
    vntDefaultInputs(25, 33) = Empty
    vntDefaultInputs(25, 34) = Empty
    vntDefaultInputs(25, 35) = ""fully automated""
    vntDefaultInputs(25, 36) = Empty
    vntDefaultInputs(25, 37) = Empty
    vntDefaultInputs(25, 38) = Empty
    vntDefaultInputs(25, 39) = Empty
    vntDefaultInputs(25, 40) = Empty
    vntDefaultInputs(25, 41) = Empty
    vntDefaultInputs(25, 42) = Empty
    vntDefaultInputs(25, 43) = Empty
    vntDefaultInputs(25, 44) = Empty
    vntDefaultInputs(25, 45) = Empty
    vntDefaultInputs(25, 46) = Empty
    vntDefaultInputs(26, 1) = 2
    vntDefaultInputs(26, 2) = 2
    vntDefaultInputs(26, 3) = 1
    vntDefaultInputs(26, 4) = 0.03
    vntDefaultInputs(26, 5) = ""MGD""
    vntDefaultInputs(26, 6) = 0.007
    vntDefaultInputs(26, 7) = ""MGD""
    vntDefaultInputs(26, 8) = ""regeneration off-site (non-hazardous)""
    vntDefaultInputs(26, 9) = ""carbon life value- bed volumes""
    vntDefaultInputs(26, 10) = 4700
    vntDefaultInputs(26, 11) = Empty
    vntDefaultInputs(26, 12) = Empty
    vntDefaultInputs(26, 13) = Empty
    vntDefaultInputs(26, 14) = ""EBCT""
    vntDefaultInputs(26, 15) = 20
    vntDefaultInputs(26, 16) = Empty
    vntDefaultInputs(26, 17) = Empty
    vntDefaultInputs(26, 18) = Empty
    vntDefaultInputs(26, 19) = Empty
    vntDefaultInputs(26, 20) = Empty
    vntDefaultInputs(26, 21) = Empty
    vntDefaultInputs(26, 22) = Empty
    vntDefaultInputs(26, 23) = 6
    vntDefaultInputs(26, 24) = 6
    vntDefaultInputs(26, 25) = 3
    vntDefaultInputs(26, 26) = 168
    vntDefaultInputs(26, 27) = ""POTW""
    vntDefaultInputs(26, 28) = ""holding tank""
    vntDefaultInputs(26, 29) = ""manual transfer""
    vntDefaultInputs(26, 30) = ""non-hazardous""
    vntDefaultInputs(26, 31) = Empty
    vntDefaultInputs(26, 32) = Empty
    vntDefaultInputs(26, 33) = Empty
    vntDefaultInputs(26, 34) = Empty
    vntDefaultInputs(26, 35) = ""fully automated""
    vntDefaultInputs(26, 36) = Empty
    vntDefaultInputs(26, 37) = Empty
    vntDefaultInputs(26, 38) = Empty
    vntDefaultInputs(26, 39) = Empty
    vntDefaultInputs(26, 40) = Empty
    vntDefaultInputs(26, 41) = Empty
    vntDefaultInputs(26, 42) = Empty
    vntDefaultInputs(26, 43) = Empty
    vntDefaultInputs(26, 44) = Empty
    vntDefaultInputs(26, 45) = Empty
    vntDefaultInputs(26, 46) = Empty
    vntDefaultInputs(27, 1) = 2
    vntDefaultInputs(27, 2) = 2
    vntDefaultInputs(27, 3) = 2
    vntDefaultInputs(27, 4) = 0.124
    vntDefaultInputs(27, 5) = ""MGD""
    vntDefaultInputs(27, 6) = 0.035
    vntDefaultInputs(27, 7) = ""MGD""
    vntDefaultInputs(27, 8) = ""regeneration off-site (non-hazardous)""
    vntDefaultInputs(27, 9) = ""carbon life value- bed volumes""
    vntDefaultInputs(27, 10) = 4700
    vntDefaultInputs(27, 11) = Empty
    vntDefaultInputs(27, 12) = Empty
    vntDefaultInputs(27, 13) = Empty
    vntDefaultInputs(27, 14) = ""EBCT""
    vntDefaultInputs(27, 15) = 20
    vntDefaultInputs(27, 16) = Empty
    vntDefaultInputs(27, 17) = Empty
    vntDefaultInputs(27, 18) = Empty
    vntDefaultInputs(27, 19) = Empty
    vntDefaultInputs(27, 20) = Empty
    vntDefaultInputs(27, 21) = Empty
    vntDefaultInputs(27, 22) = Empty
    vntDefaultInputs(27, 23) = 6
    vntDefaultInputs(27, 24) = 6
    vntDefaultInputs(27, 25) = 3.2
    vntDefaultInputs(27, 26) = 168
    vntDefaultInputs(27, 27) = ""POTW""
    vntDefaultInputs(27, 28) = ""holding tank""
    vntDefaultInputs(27, 29) = ""manual transfer""
    vntDefaultInputs(27, 30) = ""non-hazardous""
    vntDefaultInputs(27, 31) = Empty
    vntDefaultInputs(27, 32) = Empty
    vntDefaultInputs(27, 33) = Empty
    vntDefaultInputs(27, 34) = Empty
    vntDefaultInputs(27, 35) = ""fully automated""
    vntDefaultInputs(27, 36) = Empty
    vntDefaultInputs(27, 37) = Empty
    vntDefaultInputs(27, 38) = Empty
    vntDefaultInputs(27, 39) = Empty
    vntDefaultInputs(27, 40) = Empty
    vntDefaultInputs(27, 41) = Empty
    vntDefaultInputs(27, 42) = Empty
    vntDefaultInputs(27, 43) = Empty
    vntDefaultInputs(27, 44) = Empty
    vntDefaultInputs(27, 45) = Empty
    vntDefaultInputs(27, 46) = Empty
    vntDefaultInputs(28, 1) = 2
    vntDefaultInputs(28, 2) = 2
    vntDefaultInputs(28, 3) = 3
    vntDefaultInputs(28, 4) = 0.305
    vntDefaultInputs(28, 5) = ""MGD""
    vntDefaultInputs(28, 6) = 0.094
    vntDefaultInputs(28, 7) = ""MGD""
    vntDefaultInputs(28, 8) = ""regeneration off-site (non-hazardous)""
    vntDefaultInputs(28, 9) = ""carbon life value- bed volumes""
    vntDefaultInputs(28, 10) = 4700
    vntDefaultInputs(28, 11) = Empty
    vntDefaultInputs(28, 12) = Empty
    vntDefaultInputs(28, 13) = Empty
    vntDefaultInputs(28, 14) = ""EBCT""
    vntDefaultInputs(28, 15) = 20
    vntDefaultInputs(28, 16) = Empty
    vntDefaultInputs(28, 17) = Empty
    vntDefaultInputs(28, 18) = Empty
    vntDefaultInputs(28, 19) = Empty
    vntDefaultInputs(28, 20) = Empty
    vntDefaultInputs(28, 21) = Empty
    vntDefaultInputs(28, 22) = Empty
    vntDefaultInputs(28, 23) = 7
    vntDefaultInputs(28, 24) = 7
    vntDefaultInputs(28, 25) = 5.8
    vntDefaultInputs(28, 26) = 168
    vntDefaultInputs(28, 27) = ""POTW""
    vntDefaultInputs(28, 28) = ""holding tank""
    vntDefaultInputs(28, 29) = ""manual transfer""
    vntDefaultInputs(28, 30) = ""non-hazardous""
    vntDefaultInputs(28, 31) = Empty
    vntDefaultInputs(28, 32) = Empty
    vntDefaultInputs(28, 33) = Empty
    vntDefaultInputs(28, 34) = Empty
    vntDefaultInputs(28, 35) = ""fully automated""
    vntDefaultInputs(28, 36) = Empty
    vntDefaultInputs(28, 37) = Empty
    vntDefaultInputs(28, 38) = Empty
    vntDefaultInputs(28, 39) = Empty
    vntDefaultInputs(28, 40) = Empty
    vntDefaultInputs(28, 41) = Empty
    vntDefaultInputs(28, 42) = Empty
    vntDefaultInputs(28, 43) = Empty
    vntDefaultInputs(28, 44) = Empty
    vntDefaultInputs(28, 45) = Empty
    vntDefaultInputs(28, 46) = Empty
    vntDefaultInputs(29, 1) = 2
    vntDefaultInputs(29, 2) = 2
    vntDefaultInputs(29, 3) = 4
    vntDefaultInputs(29, 4) = 0.74
    vntDefaultInputs(29, 5) = ""MGD""
    vntDefaultInputs(29, 6) = 0.251
    vntDefaultInputs(29, 7) = ""MGD""
    vntDefaultInputs(29, 8) = ""regeneration off-site (non-hazardous)""
    vntDefaultInputs(29, 9) = ""carbon life value- bed volumes""
    vntDefaultInputs(29, 10) = 4700
    vntDefaultInputs(29, 11) = Empty
    vntDefaultInputs(29, 12) = Empty
    vntDefaultInputs(29, 13) = Empty
    vntDefaultInputs(29, 14) = ""EBCT""
    vntDefaultInputs(29, 15) = 20
    vntDefaultInputs(29, 16) = Empty
    vntDefaultInputs(29, 17) = Empty
    vntDefaultInputs(29, 18) = Empty
    vntDefaultInputs(29, 19) = Empty
    vntDefaultInputs(29, 20) = Empty
    vntDefaultInputs(29, 21) = Empty
    vntDefaultInputs(29, 22) = Empty
    vntDefaultInputs(29, 23) = 11
    vntDefaultInputs(29, 24) = 11
    vntDefaultInputs(29, 25) = 5.7
    vntDefaultInputs(29, 26) = 168
    vntDefaultInputs(29, 27) = ""POTW""
    vntDefaultInputs(29, 28) = ""holding tank""
    vntDefaultInputs(29, 29) = ""manual transfer""
    vntDefaultInputs(29, 30) = ""non-hazardous""
    vntDefaultInputs(29, 31) = Empty
    vntDefaultInputs(29, 32) = Empty
    vntDefaultInputs(29, 33) = Empty
    vntDefaultInputs(29, 34) = Empty
    vntDefaultInputs(29, 35) = ""fully automated""
    vntDefaultInputs(29, 36) = Empty
    vntDefaultInputs(29, 37) = Empty
    vntDefaultInputs(29, 38) = Empty
    vntDefaultInputs(29, 39) = Empty
    vntDefaultInputs(29, 40) = Empty
    vntDefaultInputs(29, 41) = Empty
    vntDefaultInputs(29, 42) = Empty
    vntDefaultInputs(29, 43) = Empty
    vntDefaultInputs(29, 44) = Empty
    vntDefaultInputs(29, 45) = Empty
    vntDefaultInputs(29, 46) = Empty
    vntDefaultInputs(30, 1) = 2
    vntDefaultInputs(30, 2) = 2
    vntDefaultInputs(30, 3) = 5
    vntDefaultInputs(30, 4) = 2.152
    vntDefaultInputs(30, 5) = ""MGD""
    vntDefaultInputs(30, 6) = 0.819
    vntDefaultInputs(30, 7) = ""MGD""
    vntDefaultInputs(30, 8) = ""regeneration off-site (non-hazardous)""
    vntDefaultInputs(30, 9) = ""carbon life value- bed volumes""
    vntDefaultInputs(30, 10) = 4700
    vntDefaultInputs(30, 11) = Empty
    vntDefaultInputs(30, 12) = Empty
    vntDefaultInputs(30, 13) = Empty
    vntDefaultInputs(30, 14) = ""EBCT""
    vntDefaultInputs(30, 15) = 20
    vntDefaultInputs(30, 16) = Empty
    vntDefaultInputs(30, 17) = Empty
    vntDefaultInputs(30, 18) = Empty
    vntDefaultInputs(30, 19) = Empty
    vntDefaultInputs(30, 20) = Empty
    vntDefaultInputs(30, 21) = Empty
    vntDefaultInputs(30, 22) = Empty
    vntDefaultInputs(30, 23) = 10
    vntDefaultInputs(30, 24) = 10
    vntDefaultInputs(30, 25) = 8
    vntDefaultInputs(30, 26) = 168
    vntDefaultInputs(30, 27) = ""POTW""
    vntDefaultInputs(30, 28) = ""holding tank""
    vntDefaultInputs(30, 29) = ""manual transfer""
    vntDefaultInputs(30, 30) = ""non-hazardous""
    vntDefaultInputs(30, 31) = Empty
    vntDefaultInputs(30, 32) = Empty
    vntDefaultInputs(30, 33) = Empty
    vntDefaultInputs(30, 34) = Empty
    vntDefaultInputs(30, 35) = ""fully automated""
    vntDefaultInputs(30, 36) = Empty
    vntDefaultInputs(30, 37) = Empty
    vntDefaultInputs(30, 38) = Empty
    vntDefaultInputs(30, 39) = Empty
    vntDefaultInputs(30, 40) = Empty
    vntDefaultInputs(30, 41) = Empty
    vntDefaultInputs(30, 42) = Empty
    vntDefaultInputs(30, 43) = Empty
    vntDefaultInputs(30, 44) = Empty
    vntDefaultInputs(30, 45) = Empty
    vntDefaultInputs(30, 46) = Empty
    vntDefaultInputs(31, 1) = 2
    vntDefaultInputs(31, 2) = 2
    vntDefaultInputs(31, 3) = 6
    vntDefaultInputs(31, 4) = 7.365
    vntDefaultInputs(31, 5) = ""MGD""
    vntDefaultInputs(31, 6) = 3.2
    vntDefaultInputs(31, 7) = ""MGD""
    vntDefaultInputs(31, 8) = ""regeneration off-site (non-hazardous)""
    vntDefaultInputs(31, 9) = ""carbon life value- bed volumes""
    vntDefaultInputs(31, 10) = 4700
    vntDefaultInputs(31, 11) = Empty
    vntDefaultInputs(31, 12) = Empty
    vntDefaultInputs(31, 13) = Empty
    vntDefaultInputs(31, 14) = ""EBCT""
    vntDefaultInputs(31, 15) = 20
    vntDefaultInputs(31, 16) = Empty
    vntDefaultInputs(31, 17) = Empty
    vntDefaultInputs(31, 18) = Empty
    vntDefaultInputs(31, 19) = Empty
    vntDefaultInputs(31, 20) = Empty
    vntDefaultInputs(31, 21) = Empty
    vntDefaultInputs(31, 22) = Empty
    vntDefaultInputs(31, 23) = 17
    vntDefaultInputs(31, 24) = 17
    vntDefaultInputs(31, 25) = 7.9
    vntDefaultInputs(31, 26) = 168
    vntDefaultInputs(31, 27) = ""POTW""
    vntDefaultInputs(31, 28) = ""holding tank""
    vntDefaultInputs(31, 29) = ""eductors""
    vntDefaultInputs(31, 30) = ""non-hazardous""
    vntDefaultInputs(31, 31) = Empty
    vntDefaultInputs(31, 32) = Empty
    vntDefaultInputs(31, 33) = Empty
    vntDefaultInputs(31, 34) = Empty
    vntDefaultInputs(31, 35) = ""fully automated""
    vntDefaultInputs(31, 36) = Empty
    vntDefaultInputs(31, 37) = Empty
    vntDefaultInputs(31, 38) = Empty
    vntDefaultInputs(31, 39) = Empty
    vntDefaultInputs(31, 40) = Empty
    vntDefaultInputs(31, 41) = Empty
    vntDefaultInputs(31, 42) = Empty
    vntDefaultInputs(31, 43) = Empty
    vntDefaultInputs(31, 44) = Empty
    vntDefaultInputs(31, 45) = Empty
    vntDefaultInputs(31, 46) = Empty
    vntDefaultInputs(32, 1) = 2
    vntDefaultInputs(32, 2) = 2
    vntDefaultInputs(32, 3) = 7
    vntDefaultInputs(32, 4) = 22.614
    vntDefaultInputs(32, 5) = ""MGD""
    vntDefaultInputs(32, 6) = 11.066
    vntDefaultInputs(32, 7) = ""MGD""
    vntDefaultInputs(32, 8) = ""regeneration off-site (non-hazardous)""
    vntDefaultInputs(32, 9) = ""carbon life value- bed volumes""
    vntDefaultInputs(32, 10) = 4700
    vntDefaultInputs(32, 11) = Empty
    vntDefaultInputs(32, 12) = Empty
    vntDefaultInputs(32, 13) = Empty
    vntDefaultInputs(32, 14) = ""EBCT""
    vntDefaultInputs(32, 15) = 20
    vntDefaultInputs(32, 16) = Empty
    vntDefaultInputs(32, 17) = Empty
    vntDefaultInputs(32, 18) = Empty
    vntDefaultInputs(32, 19) = Empty
    vntDefaultInputs(32, 20) = Empty
    vntDefaultInputs(32, 21) = Empty
    vntDefaultInputs(32, 22) = Empty
    vntDefaultInputs(32, 23) = 21
    vntDefaultInputs(32, 24) = 21
    vntDefaultInputs(32, 25) = 8
    vntDefaultInputs(32, 26) = 168
    vntDefaultInputs(32, 27) = ""POTW""
    vntDefaultInputs(32, 28) = ""holding tank""
    vntDefaultInputs(32, 29) = ""eductors""
    vntDefaultInputs(32, 30) = ""non-hazardous""
    vntDefaultInputs(32, 31) = Empty
    vntDefaultInputs(32, 32) = Empty
    vntDefaultInputs(32, 33) = Empty
    vntDefaultInputs(32, 34) = Empty
    vntDefaultInputs(32, 35) = ""fully automated""
    vntDefaultInputs(32, 36) = Empty
    vntDefaultInputs(32, 37) = Empty
    vntDefaultInputs(32, 38) = Empty
    vntDefaultInputs(32, 39) = Empty
    vntDefaultInputs(32, 40) = Empty
    vntDefaultInputs(32, 41) = Empty
    vntDefaultInputs(32, 42) = Empty
    vntDefaultInputs(32, 43) = Empty
    vntDefaultInputs(32, 44) = Empty
    vntDefaultInputs(32, 45) = Empty
    vntDefaultInputs(32, 46) = Empty
    vntDefaultInputs(33, 1) = 2
    vntDefaultInputs(33, 2) = 2
    vntDefaultInputs(33, 3) = 8
    vntDefaultInputs(33, 4) = 75.072
    vntDefaultInputs(33, 5) = ""MGD""
    vntDefaultInputs(33, 6) = 37.536
    vntDefaultInputs(33, 7) = ""MGD""
    vntDefaultInputs(33, 8) = ""regeneration off-site (non-hazardous)""
    vntDefaultInputs(33, 9) = ""carbon life value- bed volumes""
    vntDefaultInputs(33, 10) = 4700
    vntDefaultInputs(33, 11) = Empty
    vntDefaultInputs(33, 12) = Empty
    vntDefaultInputs(33, 13) = Empty
    vntDefaultInputs(33, 14) = ""EBCT""
    vntDefaultInputs(33, 15) = 20
    vntDefaultInputs(33, 16) = Empty
    vntDefaultInputs(33, 17) = Empty
    vntDefaultInputs(33, 18) = Empty
    vntDefaultInputs(33, 19) = Empty
    vntDefaultInputs(33, 20) = Empty
    vntDefaultInputs(33, 21) = Empty
    vntDefaultInputs(33, 22) = Empty
    vntDefaultInputs(33, 23) = 30
    vntDefaultInputs(33, 24) = 30
    vntDefaultInputs(33, 25) = 9.7
    vntDefaultInputs(33, 26) = 168
    vntDefaultInputs(33, 27) = ""POTW""
    vntDefaultInputs(33, 28) = ""holding tank""
    vntDefaultInputs(33, 29) = ""eductors""
    vntDefaultInputs(33, 30) = ""non-hazardous""
    vntDefaultInputs(33, 31) = Empty
    vntDefaultInputs(33, 32) = Empty
    vntDefaultInputs(33, 33) = Empty
    vntDefaultInputs(33, 34) = Empty
    vntDefaultInputs(33, 35) = ""fully automated""
    vntDefaultInputs(33, 36) = Empty
    vntDefaultInputs(33, 37) = Empty
    vntDefaultInputs(33, 38) = Empty
    vntDefaultInputs(33, 39) = Empty
    vntDefaultInputs(33, 40) = Empty
    vntDefaultInputs(33, 41) = Empty
    vntDefaultInputs(33, 42) = Empty
    vntDefaultInputs(33, 43) = Empty
    vntDefaultInputs(33, 44) = Empty
    vntDefaultInputs(33, 45) = Empty
    vntDefaultInputs(33, 46) = Empty
    vntDefaultInputs(34, 1) = 3
    vntDefaultInputs(34, 2) = 1
    vntDefaultInputs(34, 3) = 1
    vntDefaultInputs(34, 4) = 0.03
    vntDefaultInputs(34, 5) = ""MGD""
    vntDefaultInputs(34, 6) = 0.007
    vntDefaultInputs(34, 7) = ""MGD""
    vntDefaultInputs(34, 8) = ""regeneration off-site (non-hazardous)""
    vntDefaultInputs(34, 9) = ""carbon life value- bed volumes""
    vntDefaultInputs(34, 10) = 45000
    vntDefaultInputs(34, 11) = Empty
    vntDefaultInputs(34, 12) = Empty
    vntDefaultInputs(34, 13) = Empty
    vntDefaultInputs(34, 14) = ""EBCT""
    vntDefaultInputs(34, 15) = 20
    vntDefaultInputs(34, 16) = Empty
    vntDefaultInputs(34, 17) = Empty
    vntDefaultInputs(34, 18) = 2
    vntDefaultInputs(34, 19) = 4
    vntDefaultInputs(34, 20) = ""upright""
    vntDefaultInputs(34, 21) = 6.5
    vntDefaultInputs(34, 22) = 3
    vntDefaultInputs(34, 23) = Empty
    vntDefaultInputs(34, 24) = Empty
    vntDefaultInputs(34, 25) = Empty
    vntDefaultInputs(34, 26) = 168
    vntDefaultInputs(34, 27) = ""POTW""
    vntDefaultInputs(34, 28) = ""no holding tank""
    vntDefaultInputs(34, 29) = ""manual transfer""
    vntDefaultInputs(34, 30) = Empty
    vntDefaultInputs(34, 31) = Empty
    vntDefaultInputs(34, 32) = 0
    vntDefaultInputs(34, 33) = Empty
    vntDefaultInputs(34, 34) = Empty
    vntDefaultInputs(34, 35) = ""fully automated""
    vntDefaultInputs(34, 36) = Empty
    vntDefaultInputs(34, 37) = Empty
    vntDefaultInputs(34, 38) = Empty
    vntDefaultInputs(34, 39) = Empty
    vntDefaultInputs(34, 40) = Empty
    vntDefaultInputs(34, 41) = Empty
    vntDefaultInputs(34, 42) = Empty
    vntDefaultInputs(34, 43) = Empty
    vntDefaultInputs(34, 44) = Empty
    vntDefaultInputs(34, 45) = Empty
    vntDefaultInputs(34, 46) = Empty
    vntDefaultInputs(35, 1) = 3
    vntDefaultInputs(35, 2) = 1
    vntDefaultInputs(35, 3) = 2
    vntDefaultInputs(35, 4) = 0.124
    vntDefaultInputs(35, 5) = ""MGD""
    vntDefaultInputs(35, 6) = 0.035
    vntDefaultInputs(35, 7) = ""MGD""
    vntDefaultInputs(35, 8) = ""regeneration off-site (non-hazardous)""
    vntDefaultInputs(35, 9) = ""carbon life value- bed volumes""
    vntDefaultInputs(35, 10) = 45000
    vntDefaultInputs(35, 11) = Empty
    vntDefaultInputs(35, 12) = Empty
    vntDefaultInputs(35, 13) = Empty
    vntDefaultInputs(35, 14) = ""EBCT""
    vntDefaultInputs(35, 15) = 20
    vntDefaultInputs(35, 16) = Empty
    vntDefaultInputs(35, 17) = Empty
    vntDefaultInputs(35, 18) = 2
    vntDefaultInputs(35, 19) = 5.9
    vntDefaultInputs(35, 20) = ""upright""
    vntDefaultInputs(35, 21) = 9.5
    vntDefaultInputs(35, 22) = 5
    vntDefaultInputs(35, 23) = Empty
    vntDefaultInputs(35, 24) = Empty
    vntDefaultInputs(35, 25) = Empty
    vntDefaultInputs(35, 26) = 168
    vntDefaultInputs(35, 27) = ""POTW""
    vntDefaultInputs(35, 28) = ""Holding tank""
    vntDefaultInputs(35, 29) = ""manual transfer""
    vntDefaultInputs(35, 30) = ""non-hazardous""
    vntDefaultInputs(35, 31) = Empty
    vntDefaultInputs(35, 32) = 0
    vntDefaultInputs(35, 33) = Empty
    vntDefaultInputs(35, 34) = Empty
    vntDefaultInputs(35, 35) = ""fully automated""
    vntDefaultInputs(35, 36) = Empty
    vntDefaultInputs(35, 37) = Empty
    vntDefaultInputs(35, 38) = Empty
    vntDefaultInputs(35, 39) = Empty
    vntDefaultInputs(35, 40) = Empty
    vntDefaultInputs(35, 41) = Empty
    vntDefaultInputs(35, 42) = Empty
    vntDefaultInputs(35, 43) = Empty
    vntDefaultInputs(35, 44) = Empty
    vntDefaultInputs(35, 45) = Empty
    vntDefaultInputs(35, 46) = Empty
    vntDefaultInputs(36, 1) = 3
    vntDefaultInputs(36, 2) = 1
    vntDefaultInputs(36, 3) = 3
    vntDefaultInputs(36, 4) = 0.305
    vntDefaultInputs(36, 5) = ""MGD""
    vntDefaultInputs(36, 6) = 0.094
    vntDefaultInputs(36, 7) = ""MGD""
    vntDefaultInputs(36, 8) = ""regeneration off-site (non-hazardous)""
    vntDefaultInputs(36, 9) = ""carbon life value- bed volumes""
    vntDefaultInputs(36, 10) = 45000
    vntDefaultInputs(36, 11) = Empty
    vntDefaultInputs(36, 12) = Empty
    vntDefaultInputs(36, 13) = Empty
    vntDefaultInputs(36, 14) = ""EBCT""
    vntDefaultInputs(36, 15) = 20
    vntDefaultInputs(36, 16) = Empty
    vntDefaultInputs(36, 17) = Empty
    vntDefaultInputs(36, 18) = 2
    vntDefaultInputs(36, 19) = 6.5
    vntDefaultInputs(36, 20) = ""upright""
    vntDefaultInputs(36, 21) = 10.5
    vntDefaultInputs(36, 22) = 7.5
    vntDefaultInputs(36, 23) = Empty
    vntDefaultInputs(36, 24) = Empty
    vntDefaultInputs(36, 25) = Empty
    vntDefaultInputs(36, 26) = 168
    vntDefaultInputs(36, 27) = ""POTW""
    vntDefaultInputs(36, 28) = ""Holding tank""
    vntDefaultInputs(36, 29) = ""manual transfer""
    vntDefaultInputs(36, 30) = ""non-hazardous""
    vntDefaultInputs(36, 31) = Empty
    vntDefaultInputs(36, 32) = 0
    vntDefaultInputs(36, 33) = Empty
    vntDefaultInputs(36, 34) = Empty
    vntDefaultInputs(36, 35) = ""fully automated""
    vntDefaultInputs(36, 36) = Empty
    vntDefaultInputs(36, 37) = Empty
    vntDefaultInputs(36, 38) = Empty
    vntDefaultInputs(36, 39) = Empty
    vntDefaultInputs(36, 40) = Empty
    vntDefaultInputs(36, 41) = Empty
    vntDefaultInputs(36, 42) = Empty
    vntDefaultInputs(36, 43) = Empty
    vntDefaultInputs(36, 44) = Empty
    vntDefaultInputs(36, 45) = Empty
    vntDefaultInputs(36, 46) = Empty
    vntDefaultInputs(37, 1) = 3
    vntDefaultInputs(37, 2) = 1
    vntDefaultInputs(37, 3) = 4
    vntDefaultInputs(37, 4) = 0.74
    vntDefaultInputs(37, 5) = ""MGD""
    vntDefaultInputs(37, 6) = 0.251
    vntDefaultInputs(37, 7) = ""MGD""
    vntDefaultInputs(37, 8) = ""regeneration off-site (non-hazardous)""
    vntDefaultInputs(37, 9) = ""carbon life value- bed volumes""
    vntDefaultInputs(37, 10) = 45000
    vntDefaultInputs(37, 11) = Empty
    vntDefaultInputs(37, 12) = Empty
    vntDefaultInputs(37, 13) = Empty
    vntDefaultInputs(37, 14) = ""EBCT""
    vntDefaultInputs(37, 15) = 20
    vntDefaultInputs(37, 16) = Empty
    vntDefaultInputs(37, 17) = Empty
    vntDefaultInputs(37, 18) = 2
    vntDefaultInputs(37, 19) = 6.7
    vntDefaultInputs(37, 20) = ""upright""
    vntDefaultInputs(37, 21) = 11
    vntDefaultInputs(37, 22) = 11.5
    vntDefaultInputs(37, 23) = Empty
    vntDefaultInputs(37, 24) = Empty
    vntDefaultInputs(37, 25) = Empty
    vntDefaultInputs(37, 26) = 168
    vntDefaultInputs(37, 27) = ""POTW""
    vntDefaultInputs(37, 28) = ""Holding tank""
    vntDefaultInputs(37, 29) = ""manual transfer""
    vntDefaultInputs(37, 30) = ""non-hazardous""
    vntDefaultInputs(37, 31) = Empty
    vntDefaultInputs(37, 32) = 0
    vntDefaultInputs(37, 33) = Empty
    vntDefaultInputs(37, 34) = Empty
    vntDefaultInputs(37, 35) = ""fully automated""
    vntDefaultInputs(37, 36) = Empty
    vntDefaultInputs(37, 37) = Empty
    vntDefaultInputs(37, 38) = Empty
    vntDefaultInputs(37, 39) = Empty
    vntDefaultInputs(37, 40) = Empty
    vntDefaultInputs(37, 41) = Empty
    vntDefaultInputs(37, 42) = Empty
    vntDefaultInputs(37, 43) = Empty
    vntDefaultInputs(37, 44) = Empty
    vntDefaultInputs(37, 45) = Empty
    vntDefaultInputs(37, 46) = Empty
    vntDefaultInputs(38, 1) = 3
    vntDefaultInputs(38, 2) = 1
    vntDefaultInputs(38, 3) = 5
    vntDefaultInputs(38, 4) = 2.152
    vntDefaultInputs(38, 5) = ""MGD""
    vntDefaultInputs(38, 6) = 0.819
    vntDefaultInputs(38, 7) = ""MGD""
    vntDefaultInputs(38, 8) = ""regeneration off-site (non-hazardous)""
    vntDefaultInputs(38, 9) = ""carbon life value- bed volumes""
    vntDefaultInputs(38, 10) = 45000
    vntDefaultInputs(38, 11) = Empty
    vntDefaultInputs(38, 12) = Empty
    vntDefaultInputs(38, 13) = Empty
    vntDefaultInputs(38, 14) = ""EBCT""
    vntDefaultInputs(38, 15) = 20
    vntDefaultInputs(38, 16) = Empty
    vntDefaultInputs(38, 17) = Empty
    vntDefaultInputs(38, 18) = 2
    vntDefaultInputs(38, 19) = 6.5
    vntDefaultInputs(38, 20) = ""upright""
    vntDefaultInputs(38, 21) = 10.5
    vntDefaultInputs(38, 22) = 11.5
    vntDefaultInputs(38, 23) = Empty
    vntDefaultInputs(38, 24) = Empty
    vntDefaultInputs(38, 25) = Empty
    vntDefaultInputs(38, 26) = 168
    vntDefaultInputs(38, 27) = ""POTW""
    vntDefaultInputs(38, 28) = ""Holding tank""
    vntDefaultInputs(38, 29) = ""manual transfer""
    vntDefaultInputs(38, 30) = ""non-hazardous""
    vntDefaultInputs(38, 31) = Empty
    vntDefaultInputs(38, 32) = 0
    vntDefaultInputs(38, 33) = Empty
    vntDefaultInputs(38, 34) = Empty
    vntDefaultInputs(38, 35) = ""fully automated""
    vntDefaultInputs(38, 36) = Empty
    vntDefaultInputs(38, 37) = Empty
    vntDefaultInputs(38, 38) = Empty
    vntDefaultInputs(38, 39) = Empty
    vntDefaultInputs(38, 40) = Empty
    vntDefaultInputs(38, 41) = Empty
    vntDefaultInputs(38, 42) = Empty
    vntDefaultInputs(38, 43) = Empty
    vntDefaultInputs(38, 44) = Empty
    vntDefaultInputs(38, 45) = Empty
    vntDefaultInputs(38, 46) = Empty
    vntDefaultInputs(39, 1) = 3
    vntDefaultInputs(39, 2) = 1
    vntDefaultInputs(39, 3) = 6
    vntDefaultInputs(39, 4) = 7.365
    vntDefaultInputs(39, 5) = ""MGD""
    vntDefaultInputs(39, 6) = 3.2
    vntDefaultInputs(39, 7) = ""MGD""
    vntDefaultInputs(39, 8) = ""regeneration off-site (non-hazardous)""
    vntDefaultInputs(39, 9) = ""carbon life value- bed volumes""
    vntDefaultInputs(39, 10) = 45000
    vntDefaultInputs(39, 11) = Empty
    vntDefaultInputs(39, 12) = Empty
    vntDefaultInputs(39, 13) = Empty
    vntDefaultInputs(39, 14) = ""EBCT""
    vntDefaultInputs(39, 15) = 20
    vntDefaultInputs(39, 16) = Empty
    vntDefaultInputs(39, 17) = Empty
    vntDefaultInputs(39, 18) = 2
    vntDefaultInputs(39, 19) = 7
    vntDefaultInputs(39, 20) = ""upright""
    vntDefaultInputs(39, 21) = 11
    vntDefaultInputs(39, 22) = 12.5
    vntDefaultInputs(39, 23) = Empty
    vntDefaultInputs(39, 24) = Empty
    vntDefaultInputs(39, 25) = Empty
    vntDefaultInputs(39, 26) = 168
    vntDefaultInputs(39, 27) = ""POTW""
    vntDefaultInputs(39, 28) = ""Holding tank""
    vntDefaultInputs(39, 29) = ""eductors""
    vntDefaultInputs(39, 30) = ""non-hazardous""
    vntDefaultInputs(39, 31) = Empty
    vntDefaultInputs(39, 32) = 0
    vntDefaultInputs(39, 33) = Empty
    vntDefaultInputs(39, 34) = Empty
    vntDefaultInputs(39, 35) = ""fully automated""
    vntDefaultInputs(39, 36) = Empty
    vntDefaultInputs(39, 37) = Empty
    vntDefaultInputs(39, 38) = Empty
    vntDefaultInputs(39, 39) = Empty
    vntDefaultInputs(39, 40) = Empty
    vntDefaultInputs(39, 41) = Empty
    vntDefaultInputs(39, 42) = Empty
    vntDefaultInputs(39, 43) = Empty
    vntDefaultInputs(39, 44) = Empty
    vntDefaultInputs(39, 45) = Empty
    vntDefaultInputs(39, 46) = Empty
    vntDefaultInputs(40, 1) = 3
    vntDefaultInputs(40, 2) = 1
    vntDefaultInputs(40, 3) = 7
    vntDefaultInputs(40, 4) = 22.614
    vntDefaultInputs(40, 5) = ""MGD""
    vntDefaultInputs(40, 6) = 11.066
    vntDefaultInputs(40, 7) = ""MGD""
    vntDefaultInputs(40, 8) = ""regeneration off-site (non-hazardous)""
    vntDefaultInputs(40, 9) = ""carbon life value- bed volumes""
    vntDefaultInputs(40, 10) = 45000
    vntDefaultInputs(40, 11) = Empty
    vntDefaultInputs(40, 12) = Empty
    vntDefaultInputs(40, 13) = Empty
    vntDefaultInputs(40, 14) = ""EBCT""
    vntDefaultInputs(40, 15) = 20
    vntDefaultInputs(40, 16) = Empty
    vntDefaultInputs(40, 17) = Empty
    vntDefaultInputs(40, 18) = 2
    vntDefaultInputs(40, 19) = 6.9
    vntDefaultInputs(40, 20) = ""horizontal""
    vntDefaultInputs(40, 21) = 20
    vntDefaultInputs(40, 22) = 14
    vntDefaultInputs(40, 23) = Empty
    vntDefaultInputs(40, 24) = Empty
    vntDefaultInputs(40, 25) = Empty
    vntDefaultInputs(40, 26) = 168
    vntDefaultInputs(40, 27) = ""POTW""
    vntDefaultInputs(40, 28) = ""Holding tank""
    vntDefaultInputs(40, 29) = ""eductors""
    vntDefaultInputs(40, 30) = ""non-hazardous""
    vntDefaultInputs(40, 31) = Empty
    vntDefaultInputs(40, 32) = 0
    vntDefaultInputs(40, 33) = Empty
    vntDefaultInputs(40, 34) = Empty
    vntDefaultInputs(40, 35) = ""fully automated""
    vntDefaultInputs(40, 36) = Empty
    vntDefaultInputs(40, 37) = Empty
    vntDefaultInputs(40, 38) = Empty
    vntDefaultInputs(40, 39) = Empty
    vntDefaultInputs(40, 40) = Empty
    vntDefaultInputs(40, 41) = Empty
    vntDefaultInputs(40, 42) = Empty
    vntDefaultInputs(40, 43) = Empty
    vntDefaultInputs(40, 44) = Empty
    vntDefaultInputs(40, 45) = Empty
    vntDefaultInputs(40, 46) = Empty
    vntDefaultInputs(41, 1) = 3
    vntDefaultInputs(41, 2) = 1
    vntDefaultInputs(41, 3) = 8
    vntDefaultInputs(41, 4) = 75.072
    vntDefaultInputs(41, 5) = ""MGD""
    vntDefaultInputs(41, 6) = 37.536
    vntDefaultInputs(41, 7) = ""MGD""
    vntDefaultInputs(41, 8) = ""regeneration off-site (non-hazardous)""
    vntDefaultInputs(41, 9) = ""carbon life value- bed volumes""
    vntDefaultInputs(41, 10) = 45000
    vntDefaultInputs(41, 11) = Empty
    vntDefaultInputs(41, 12) = Empty
    vntDefaultInputs(41, 13) = Empty
    vntDefaultInputs(41, 14) = ""EBCT""
    vntDefaultInputs(41, 15) = 20
    vntDefaultInputs(41, 16) = Empty
    vntDefaultInputs(41, 17) = Empty
    vntDefaultInputs(41, 18) = 2
    vntDefaultInputs(41, 19) = 7.4
    vntDefaultInputs(41, 20) = ""horizontal""
    vntDefaultInputs(41, 21) = 20
    vntDefaultInputs(41, 22) = 14
    vntDefaultInputs(41, 23) = Empty
    vntDefaultInputs(41, 24) = Empty
    vntDefaultInputs(41, 25) = Empty
    vntDefaultInputs(41, 26) = 168
    vntDefaultInputs(41, 27) = ""POTW""
    vntDefaultInputs(41, 28) = ""Holding tank""
    vntDefaultInputs(41, 29) = ""eductors""
    vntDefaultInputs(41, 30) = ""non-hazardous""
    vntDefaultInputs(41, 31) = Empty
    vntDefaultInputs(41, 32) = 0
    vntDefaultInputs(41, 33) = Empty
    vntDefaultInputs(41, 34) = Empty
    vntDefaultInputs(41, 35) = ""fully automated""
    vntDefaultInputs(41, 36) = Empty
    vntDefaultInputs(41, 37) = Empty
    vntDefaultInputs(41, 38) = Empty
    vntDefaultInputs(41, 39) = Empty
    vntDefaultInputs(41, 40) = Empty
    vntDefaultInputs(41, 41) = Empty
    vntDefaultInputs(41, 42) = Empty
    vntDefaultInputs(41, 43) = Empty
    vntDefaultInputs(41, 44) = Empty
    vntDefaultInputs(41, 45) = Empty
    vntDefaultInputs(41, 46) = Empty
    vntDefaultInputs(42, 1) = 3
    vntDefaultInputs(42, 2) = 2
    vntDefaultInputs(42, 3) = 1
    vntDefaultInputs(42, 4) = 0.03
    vntDefaultInputs(42, 5) = ""MGD""
    vntDefaultInputs(42, 6) = 0.007
    vntDefaultInputs(42, 7) = ""MGD""
    vntDefaultInputs(42, 8) = ""regeneration off-site (non-hazardous)""
    vntDefaultInputs(42, 9) = ""carbon life value- bed volumes""
    vntDefaultInputs(42, 10) = 45000
    vntDefaultInputs(42, 11) = Empty
    vntDefaultInputs(42, 12) = Empty
    vntDefaultInputs(42, 13) = Empty
    vntDefaultInputs(42, 14) = ""EBCT""
    vntDefaultInputs(42, 15) = 20
    vntDefaultInputs(42, 16) = Empty
    vntDefaultInputs(42, 17) = Empty
    vntDefaultInputs(42, 18) = Empty
    vntDefaultInputs(42, 19) = Empty
    vntDefaultInputs(42, 20) = Empty
    vntDefaultInputs(42, 21) = Empty
    vntDefaultInputs(42, 22) = Empty
    vntDefaultInputs(42, 23) = 6
    vntDefaultInputs(42, 24) = 6
    vntDefaultInputs(42, 25) = 3
    vntDefaultInputs(42, 26) = 168
    vntDefaultInputs(42, 27) = ""POTW""
    vntDefaultInputs(42, 28) = ""holding tank""
    vntDefaultInputs(42, 29) = ""manual transfer""
    vntDefaultInputs(42, 30) = ""non-hazardous""
    vntDefaultInputs(42, 31) = Empty
    vntDefaultInputs(42, 32) = Empty
    vntDefaultInputs(42, 33) = Empty
    vntDefaultInputs(42, 34) = Empty
    vntDefaultInputs(42, 35) = ""fully automated""
    vntDefaultInputs(42, 36) = Empty
    vntDefaultInputs(42, 37) = Empty
    vntDefaultInputs(42, 38) = Empty
    vntDefaultInputs(42, 39) = Empty
    vntDefaultInputs(42, 40) = Empty
    vntDefaultInputs(42, 41) = Empty
    vntDefaultInputs(42, 42) = Empty
    vntDefaultInputs(42, 43) = Empty
    vntDefaultInputs(42, 44) = Empty
    vntDefaultInputs(42, 45) = Empty
    vntDefaultInputs(42, 46) = Empty
    vntDefaultInputs(43, 1) = 3
    vntDefaultInputs(43, 2) = 2
    vntDefaultInputs(43, 3) = 2
    vntDefaultInputs(43, 4) = 0.124
    vntDefaultInputs(43, 5) = ""MGD""
    vntDefaultInputs(43, 6) = 0.035
    vntDefaultInputs(43, 7) = ""MGD""
    vntDefaultInputs(43, 8) = ""regeneration off-site (non-hazardous)""
    vntDefaultInputs(43, 9) = ""carbon life value- bed volumes""
    vntDefaultInputs(43, 10) = 45000
    vntDefaultInputs(43, 11) = Empty
    vntDefaultInputs(43, 12) = Empty
    vntDefaultInputs(43, 13) = Empty
    vntDefaultInputs(43, 14) = ""EBCT""
    vntDefaultInputs(43, 15) = 20
    vntDefaultInputs(43, 16) = Empty
    vntDefaultInputs(43, 17) = Empty
    vntDefaultInputs(43, 18) = Empty
    vntDefaultInputs(43, 19) = Empty
    vntDefaultInputs(43, 20) = Empty
    vntDefaultInputs(43, 21) = Empty
    vntDefaultInputs(43, 22) = Empty
    vntDefaultInputs(43, 23) = 6
    vntDefaultInputs(43, 24) = 6
    vntDefaultInputs(43, 25) = 3.2
    vntDefaultInputs(43, 26) = 168
    vntDefaultInputs(43, 27) = ""POTW""
    vntDefaultInputs(43, 28) = ""holding tank""
    vntDefaultInputs(43, 29) = ""manual transfer""
    vntDefaultInputs(43, 30) = ""non-hazardous""
    vntDefaultInputs(43, 31) = Empty
    vntDefaultInputs(43, 32) = Empty
    vntDefaultInputs(43, 33) = Empty
    vntDefaultInputs(43, 34) = Empty
    vntDefaultInputs(43, 35) = ""fully automated""
    vntDefaultInputs(43, 36) = Empty
    vntDefaultInputs(43, 37) = Empty
    vntDefaultInputs(43, 38) = Empty
    vntDefaultInputs(43, 39) = Empty
    vntDefaultInputs(43, 40) = Empty
    vntDefaultInputs(43, 41) = Empty
    vntDefaultInputs(43, 42) = Empty
    vntDefaultInputs(43, 43) = Empty
    vntDefaultInputs(43, 44) = Empty
    vntDefaultInputs(43, 45) = Empty
    vntDefaultInputs(43, 46) = Empty
    vntDefaultInputs(44, 1) = 3
    vntDefaultInputs(44, 2) = 2
    vntDefaultInputs(44, 3) = 3
    vntDefaultInputs(44, 4) = 0.305
    vntDefaultInputs(44, 5) = ""MGD""
    vntDefaultInputs(44, 6) = 0.094
    vntDefaultInputs(44, 7) = ""MGD""
    vntDefaultInputs(44, 8) = ""regeneration off-site (non-hazardous)""
    vntDefaultInputs(44, 9) = ""carbon life value- bed volumes""
    vntDefaultInputs(44, 10) = 45000
    vntDefaultInputs(44, 11) = Empty
    vntDefaultInputs(44, 12) = Empty
    vntDefaultInputs(44, 13) = Empty
    vntDefaultInputs(44, 14) = ""EBCT""
    vntDefaultInputs(44, 15) = 20
    vntDefaultInputs(44, 16) = Empty
    vntDefaultInputs(44, 17) = Empty
    vntDefaultInputs(44, 18) = Empty
    vntDefaultInputs(44, 19) = Empty
    vntDefaultInputs(44, 20) = Empty
    vntDefaultInputs(44, 21) = Empty
    vntDefaultInputs(44, 22) = Empty
    vntDefaultInputs(44, 23) = 7
    vntDefaultInputs(44, 24) = 7
    vntDefaultInputs(44, 25) = 5.8
    vntDefaultInputs(44, 26) = 168
    vntDefaultInputs(44, 27) = ""POTW""
    vntDefaultInputs(44, 28) = ""holding tank""
    vntDefaultInputs(44, 29) = ""manual transfer""
    vntDefaultInputs(44, 30) = ""non-hazardous""
    vntDefaultInputs(44, 31) = Empty
    vntDefaultInputs(44, 32) = Empty
    vntDefaultInputs(44, 33) = Empty
    vntDefaultInputs(44, 34) = Empty
    vntDefaultInputs(44, 35) = ""fully automated""
    vntDefaultInputs(44, 36) = Empty
    vntDefaultInputs(44, 37) = Empty
    vntDefaultInputs(44, 38) = Empty
    vntDefaultInputs(44, 39) = Empty
    vntDefaultInputs(44, 40) = Empty
    vntDefaultInputs(44, 41) = Empty
    vntDefaultInputs(44, 42) = Empty
    vntDefaultInputs(44, 43) = Empty
    vntDefaultInputs(44, 44) = Empty
    vntDefaultInputs(44, 45) = Empty
    vntDefaultInputs(44, 46) = Empty
    vntDefaultInputs(45, 1) = 3
    vntDefaultInputs(45, 2) = 2
    vntDefaultInputs(45, 3) = 4
    vntDefaultInputs(45, 4) = 0.74
    vntDefaultInputs(45, 5) = ""MGD""
    vntDefaultInputs(45, 6) = 0.251
    vntDefaultInputs(45, 7) = ""MGD""
    vntDefaultInputs(45, 8) = ""regeneration off-site (non-hazardous)""
    vntDefaultInputs(45, 9) = ""carbon life value- bed volumes""
    vntDefaultInputs(45, 10) = 45000
    vntDefaultInputs(45, 11) = Empty
    vntDefaultInputs(45, 12) = Empty
    vntDefaultInputs(45, 13) = Empty
    vntDefaultInputs(45, 14) = ""EBCT""
    vntDefaultInputs(45, 15) = 20
    vntDefaultInputs(45, 16) = Empty
    vntDefaultInputs(45, 17) = Empty
    vntDefaultInputs(45, 18) = Empty
    vntDefaultInputs(45, 19) = Empty
    vntDefaultInputs(45, 20) = Empty
    vntDefaultInputs(45, 21) = Empty
    vntDefaultInputs(45, 22) = Empty
    vntDefaultInputs(45, 23) = 11
    vntDefaultInputs(45, 24) = 11
    vntDefaultInputs(45, 25) = 5.7
    vntDefaultInputs(45, 26) = 168
    vntDefaultInputs(45, 27) = ""POTW""
    vntDefaultInputs(45, 28) = ""holding tank""
    vntDefaultInputs(45, 29) = ""manual transfer""
    vntDefaultInputs(45, 30) = ""non-hazardous""
    vntDefaultInputs(45, 31) = Empty
    vntDefaultInputs(45, 32) = Empty
    vntDefaultInputs(45, 33) = Empty
    vntDefaultInputs(45, 34) = Empty
    vntDefaultInputs(45, 35) = ""fully automated""
    vntDefaultInputs(45, 36) = Empty
    vntDefaultInputs(45, 37) = Empty
    vntDefaultInputs(45, 38) = Empty
    vntDefaultInputs(45, 39) = Empty
    vntDefaultInputs(45, 40) = Empty
    vntDefaultInputs(45, 41) = Empty
    vntDefaultInputs(45, 42) = Empty
    vntDefaultInputs(45, 43) = Empty
    vntDefaultInputs(45, 44) = Empty
    vntDefaultInputs(45, 45) = Empty
    vntDefaultInputs(45, 46) = Empty
    vntDefaultInputs(46, 1) = 3
    vntDefaultInputs(46, 2) = 2
    vntDefaultInputs(46, 3) = 5
    vntDefaultInputs(46, 4) = 2.152
    vntDefaultInputs(46, 5) = ""MGD""
    vntDefaultInputs(46, 6) = 0.819
    vntDefaultInputs(46, 7) = ""MGD""
    vntDefaultInputs(46, 8) = ""regeneration off-site (non-hazardous)""
    vntDefaultInputs(46, 9) = ""carbon life value- bed volumes""
    vntDefaultInputs(46, 10) = 45000
    vntDefaultInputs(46, 11) = Empty
    vntDefaultInputs(46, 12) = Empty
    vntDefaultInputs(46, 13) = Empty
    vntDefaultInputs(46, 14) = ""EBCT""
    vntDefaultInputs(46, 15) = 20
    vntDefaultInputs(46, 16) = Empty
    vntDefaultInputs(46, 17) = Empty
    vntDefaultInputs(46, 18) = Empty
    vntDefaultInputs(46, 19) = Empty
    vntDefaultInputs(46, 20) = Empty
    vntDefaultInputs(46, 21) = Empty
    vntDefaultInputs(46, 22) = Empty
    vntDefaultInputs(46, 23) = 10
    vntDefaultInputs(46, 24) = 10
    vntDefaultInputs(46, 25) = 8
    vntDefaultInputs(46, 26) = 168
    vntDefaultInputs(46, 27) = ""POTW""
    vntDefaultInputs(46, 28) = ""holding tank""
    vntDefaultInputs(46, 29) = ""manual transfer""
    vntDefaultInputs(46, 30) = ""non-hazardous""
    vntDefaultInputs(46, 31) = Empty
    vntDefaultInputs(46, 32) = Empty
    vntDefaultInputs(46, 33) = Empty
    vntDefaultInputs(46, 34) = Empty
    vntDefaultInputs(46, 35) = ""fully automated""
    vntDefaultInputs(46, 36) = Empty
    vntDefaultInputs(46, 37) = Empty
    vntDefaultInputs(46, 38) = Empty
    vntDefaultInputs(46, 39) = Empty
    vntDefaultInputs(46, 40) = Empty
    vntDefaultInputs(46, 41) = Empty
    vntDefaultInputs(46, 42) = Empty
    vntDefaultInputs(46, 43) = Empty
    vntDefaultInputs(46, 44) = Empty
    vntDefaultInputs(46, 45) = Empty
    vntDefaultInputs(46, 46) = Empty
    vntDefaultInputs(47, 1) = 3
    vntDefaultInputs(47, 2) = 2
    vntDefaultInputs(47, 3) = 6
    vntDefaultInputs(47, 4) = 7.365
    vntDefaultInputs(47, 5) = ""MGD""
    vntDefaultInputs(47, 6) = 3.2
    vntDefaultInputs(47, 7) = ""MGD""
    vntDefaultInputs(47, 8) = ""regeneration off-site (non-hazardous)""
    vntDefaultInputs(47, 9) = ""carbon life value- bed volumes""
    vntDefaultInputs(47, 10) = 45000
    vntDefaultInputs(47, 11) = Empty
    vntDefaultInputs(47, 12) = Empty
    vntDefaultInputs(47, 13) = Empty
    vntDefaultInputs(47, 14) = ""EBCT""
    vntDefaultInputs(47, 15) = 20
    vntDefaultInputs(47, 16) = Empty
    vntDefaultInputs(47, 17) = Empty
    vntDefaultInputs(47, 18) = Empty
    vntDefaultInputs(47, 19) = Empty
    vntDefaultInputs(47, 20) = Empty
    vntDefaultInputs(47, 21) = Empty
    vntDefaultInputs(47, 22) = Empty
    vntDefaultInputs(47, 23) = 17
    vntDefaultInputs(47, 24) = 17
    vntDefaultInputs(47, 25) = 7.9
    vntDefaultInputs(47, 26) = 168
    vntDefaultInputs(47, 27) = ""POTW""
    vntDefaultInputs(47, 28) = ""holding tank""
    vntDefaultInputs(47, 29) = ""eductors""
    vntDefaultInputs(47, 30) = ""non-hazardous""
    vntDefaultInputs(47, 31) = Empty
    vntDefaultInputs(47, 32) = Empty
    vntDefaultInputs(47, 33) = Empty
    vntDefaultInputs(47, 34) = Empty
    vntDefaultInputs(47, 35) = ""fully automated""
    vntDefaultInputs(47, 36) = Empty
    vntDefaultInputs(47, 37) = Empty
    vntDefaultInputs(47, 38) = Empty
    vntDefaultInputs(47, 39) = Empty
    vntDefaultInputs(47, 40) = Empty
    vntDefaultInputs(47, 41) = Empty
    vntDefaultInputs(47, 42) = Empty
    vntDefaultInputs(47, 43) = Empty
    vntDefaultInputs(47, 44) = Empty
    vntDefaultInputs(47, 45) = Empty
    vntDefaultInputs(47, 46) = Empty
    vntDefaultInputs(48, 1) = 3
    vntDefaultInputs(48, 2) = 2
    vntDefaultInputs(48, 3) = 7
    vntDefaultInputs(48, 4) = 22.614
    vntDefaultInputs(48, 5) = ""MGD""
    vntDefaultInputs(48, 6) = 11.066
    vntDefaultInputs(48, 7) = ""MGD""
    vntDefaultInputs(48, 8) = ""regeneration off-site (non-hazardous)""
    vntDefaultInputs(48, 9) = ""carbon life value- bed volumes""
    vntDefaultInputs(48, 10) = 45000
    vntDefaultInputs(48, 11) = Empty
    vntDefaultInputs(48, 12) = Empty
    vntDefaultInputs(48, 13) = Empty
    vntDefaultInputs(48, 14) = ""EBCT""
    vntDefaultInputs(48, 15) = 20
    vntDefaultInputs(48, 16) = Empty
    vntDefaultInputs(48, 17) = Empty
    vntDefaultInputs(48, 18) = Empty
    vntDefaultInputs(48, 19) = Empty
    vntDefaultInputs(48, 20) = Empty
    vntDefaultInputs(48, 21) = Empty
    vntDefaultInputs(48, 22) = Empty
    vntDefaultInputs(48, 23) = 21
    vntDefaultInputs(48, 24) = 21
    vntDefaultInputs(48, 25) = 8
    vntDefaultInputs(48, 26) = 168
    vntDefaultInputs(48, 27) = ""POTW""
    vntDefaultInputs(48, 28) = ""holding tank""
    vntDefaultInputs(48, 29) = ""eductors""
    vntDefaultInputs(48, 30) = ""non-hazardous""
    vntDefaultInputs(48, 31) = Empty
    vntDefaultInputs(48, 32) = Empty
    vntDefaultInputs(48, 33) = Empty
    vntDefaultInputs(48, 34) = Empty
    vntDefaultInputs(48, 35) = ""fully automated""
    vntDefaultInputs(48, 36) = Empty
    vntDefaultInputs(48, 37) = Empty
    vntDefaultInputs(48, 38) = Empty
    vntDefaultInputs(48, 39) = Empty
    vntDefaultInputs(48, 40) = Empty
    vntDefaultInputs(48, 41) = Empty
    vntDefaultInputs(48, 42) = Empty
    vntDefaultInputs(48, 43) = Empty
    vntDefaultInputs(48, 44) = Empty
    vntDefaultInputs(48, 45) = Empty
    vntDefaultInputs(48, 46) = Empty
    vntDefaultInputs(49, 1) = 3
    vntDefaultInputs(49, 2) = 2
    vntDefaultInputs(49, 3) = 8
    vntDefaultInputs(49, 4) = 75.072
    vntDefaultInputs(49, 5) = ""MGD""
    vntDefaultInputs(49, 6) = 37.536
    vntDefaultInputs(49, 7) = ""MGD""
    vntDefaultInputs(49, 8) = ""regeneration off-site (non-hazardous)""
    vntDefaultInputs(49, 9) = ""carbon life value- bed volumes""
    vntDefaultInputs(49, 10) = 45000
    vntDefaultInputs(49, 11) = Empty
    vntDefaultInputs(49, 12) = Empty
    vntDefaultInputs(49, 13) = Empty
    vntDefaultInputs(49, 14) = ""EBCT""
    vntDefaultInputs(49, 15) = 20
    vntDefaultInputs(49, 16) = Empty
    vntDefaultInputs(49, 17) = Empty
    vntDefaultInputs(49, 18) = Empty
    vntDefaultInputs(49, 19) = Empty
    vntDefaultInputs(49, 20) = Empty
    vntDefaultInputs(49, 21) = Empty
    vntDefaultInputs(49, 22) = Empty
    vntDefaultInputs(49, 23) = 30
    vntDefaultInputs(49, 24) = 30
    vntDefaultInputs(49, 25) = 9.7
    vntDefaultInputs(49, 26) = 168
    vntDefaultInputs(49, 27) = ""POTW""
    vntDefaultInputs(49, 28) = ""holding tank""
    vntDefaultInputs(49, 29) = ""eductors""
    vntDefaultInputs(49, 30) = ""non-hazardous""
    vntDefaultInputs(49, 31) = Empty
    vntDefaultInputs(49, 32) = Empty
    vntDefaultInputs(49, 33) = Empty
    vntDefaultInputs(49, 34) = Empty
    vntDefaultInputs(49, 35) = ""fully automated""
    vntDefaultInputs(49, 36) = Empty
    vntDefaultInputs(49, 37) = Empty
    vntDefaultInputs(49, 38) = Empty
    vntDefaultInputs(49, 39) = Empty
    vntDefaultInputs(49, 40) = Empty
    vntDefaultInputs(49, 41) = Empty
    vntDefaultInputs(49, 42) = Empty
    vntDefaultInputs(49, 43) = Empty
    vntDefaultInputs(49, 44) = Empty
    vntDefaultInputs(49, 45) = Empty
    vntDefaultInputs(49, 46) = Empty
                  
    rngStdInputs1 = vntDefaultInputs
End Sub
        
    Sub RestoreInputs2()
    Dim vntDefaultInputs(50 To 97, 1 To 46) As Variant
    Dim wsStdInputs As Worksheet
    Dim rngStdInputs1 As Range
    
    Set wsStdInputs = ThisWorkbook.Worksheets(STDIN_WSN)
    Set rngStdInputs1 = wsStdInputs.Range(""A57"", ""AT104"")
    
    
    
    vntDefaultInputs(50, 1) = 4
    vntDefaultInputs(50, 2) = 1
    vntDefaultInputs(50, 3) = 1
    vntDefaultInputs(50, 4) = 0.03
    vntDefaultInputs(50, 5) = ""MGD""
    vntDefaultInputs(50, 6) = 0.007
    vntDefaultInputs(50, 7) = ""MGD""
    vntDefaultInputs(50, 8) = ""regeneration off-site (non-hazardous)""
    vntDefaultInputs(50, 9) = ""carbon life value- bed volumes""
    vntDefaultInputs(50, 10) = 11400
    vntDefaultInputs(50, 11) = Empty
    vntDefaultInputs(50, 12) = Empty
    vntDefaultInputs(50, 13) = Empty
    vntDefaultInputs(50, 14) = ""EBCT""
    vntDefaultInputs(50, 15) = 20
    vntDefaultInputs(50, 16) = Empty
    vntDefaultInputs(50, 17) = Empty
    vntDefaultInputs(50, 18) = 2
    vntDefaultInputs(50, 19) = 4
    vntDefaultInputs(50, 20) = ""upright""
    vntDefaultInputs(50, 21) = 6.5
    vntDefaultInputs(50, 22) = 3
    vntDefaultInputs(50, 23) = Empty
    vntDefaultInputs(50, 24) = Empty
    vntDefaultInputs(50, 25) = Empty
    vntDefaultInputs(50, 26) = 168
    vntDefaultInputs(50, 27) = ""POTW""
    vntDefaultInputs(50, 28) = ""no holding tank""
    vntDefaultInputs(50, 29) = ""manual transfer""
    vntDefaultInputs(50, 30) = Empty
    vntDefaultInputs(50, 31) = Empty
    vntDefaultInputs(50, 32) = 0
    vntDefaultInputs(50, 33) = Empty
    vntDefaultInputs(50, 34) = Empty
    vntDefaultInputs(50, 35) = ""fully automated""
    vntDefaultInputs(50, 36) = Empty
    vntDefaultInputs(50, 37) = Empty
    vntDefaultInputs(50, 38) = Empty
    vntDefaultInputs(50, 39) = Empty
    vntDefaultInputs(50, 40) = Empty
    vntDefaultInputs(50, 41) = Empty
    vntDefaultInputs(50, 42) = Empty
    vntDefaultInputs(50, 43) = Empty
    vntDefaultInputs(50, 44) = Empty
    vntDefaultInputs(50, 45) = Empty
    vntDefaultInputs(50, 46) = Empty
    vntDefaultInputs(51, 1) = 4
    vntDefaultInputs(51, 2) = 1
    vntDefaultInputs(51, 3) = 2
    vntDefaultInputs(51, 4) = 0.124
    vntDefaultInputs(51, 5) = ""MGD""
    vntDefaultInputs(51, 6) = 0.035
    vntDefaultInputs(51, 7) = ""MGD""
    vntDefaultInputs(51, 8) = ""regeneration off-site (non-hazardous)""
    vntDefaultInputs(51, 9) = ""carbon life value- bed volumes""
    vntDefaultInputs(51, 10) = 11400
    vntDefaultInputs(51, 11) = Empty
    vntDefaultInputs(51, 12) = Empty
    vntDefaultInputs(51, 13) = Empty
    vntDefaultInputs(51, 14) = ""EBCT""
    vntDefaultInputs(51, 15) = 20
    vntDefaultInputs(51, 16) = Empty
    vntDefaultInputs(51, 17) = Empty
    vntDefaultInputs(51, 18) = 2
    vntDefaultInputs(51, 19) = 5.9
    vntDefaultInputs(51, 20) = ""upright""
    vntDefaultInputs(51, 21) = 9.5
    vntDefaultInputs(51, 22) = 5
    vntDefaultInputs(51, 23) = Empty
    vntDefaultInputs(51, 24) = Empty
    vntDefaultInputs(51, 25) = Empty
    vntDefaultInputs(51, 26) = 168
    vntDefaultInputs(51, 27) = ""POTW""
    vntDefaultInputs(51, 28) = ""Holding tank""
    vntDefaultInputs(51, 29) = ""manual transfer""
    vntDefaultInputs(51, 30) = ""non-hazardous""
    vntDefaultInputs(51, 31) = Empty
    vntDefaultInputs(51, 32) = 0
    vntDefaultInputs(51, 33) = Empty
    vntDefaultInputs(51, 34) = Empty
    vntDefaultInputs(51, 35) = ""fully automated""
    vntDefaultInputs(51, 36) = Empty
    vntDefaultInputs(51, 37) = Empty
    vntDefaultInputs(51, 38) = Empty
    vntDefaultInputs(51, 39) = Empty
    vntDefaultInputs(51, 40) = Empty
    vntDefaultInputs(51, 41) = Empty
    vntDefaultInputs(51, 42) = Empty
    vntDefaultInputs(51, 43) = Empty
    vntDefaultInputs(51, 44) = Empty
    vntDefaultInputs(51, 45) = Empty
    vntDefaultInputs(51, 46) = Empty
    vntDefaultInputs(52, 1) = 4
    vntDefaultInputs(52, 2) = 1
    vntDefaultInputs(52, 3) = 3
    vntDefaultInputs(52, 4) = 0.305
    vntDefaultInputs(52, 5) = ""MGD""
    vntDefaultInputs(52, 6) = 0.094
    vntDefaultInputs(52, 7) = ""MGD""
    vntDefaultInputs(52, 8) = ""regeneration off-site (non-hazardous)""
    vntDefaultInputs(52, 9) = ""carbon life value- bed volumes""
    vntDefaultInputs(52, 10) = 11400
    vntDefaultInputs(52, 11) = Empty
    vntDefaultInputs(52, 12) = Empty
    vntDefaultInputs(52, 13) = Empty
    vntDefaultInputs(52, 14) = ""EBCT""
    vntDefaultInputs(52, 15) = 20
    vntDefaultInputs(52, 16) = Empty
    vntDefaultInputs(52, 17) = Empty
    vntDefaultInputs(52, 18) = 2
    vntDefaultInputs(52, 19) = 6.5
    vntDefaultInputs(52, 20) = ""upright""
    vntDefaultInputs(52, 21) = 10.5
    vntDefaultInputs(52, 22) = 7.5
    vntDefaultInputs(52, 23) = Empty
    vntDefaultInputs(52, 24) = Empty
    vntDefaultInputs(52, 25) = Empty
    vntDefaultInputs(52, 26) = 168
    vntDefaultInputs(52, 27) = ""POTW""
    vntDefaultInputs(52, 28) = ""Holding tank""
    vntDefaultInputs(52, 29) = ""manual transfer""
    vntDefaultInputs(52, 30) = ""non-hazardous""
    vntDefaultInputs(52, 31) = Empty
    vntDefaultInputs(52, 32) = 0
    vntDefaultInputs(52, 33) = Empty
    vntDefaultInputs(52, 34) = Empty
    vntDefaultInputs(52, 35) = ""fully automated""
    vntDefaultInputs(52, 36) = Empty
    vntDefaultInputs(52, 37) = Empty
    vntDefaultInputs(52, 38) = Empty
    vntDefaultInputs(52, 39) = Empty
    vntDefaultInputs(52, 40) = Empty
    vntDefaultInputs(52, 41) = Empty
    vntDefaultInputs(52, 42) = Empty
    vntDefaultInputs(52, 43) = Empty
    vntDefaultInputs(52, 44) = Empty
    vntDefaultInputs(52, 45) = Empty
    vntDefaultInputs(52, 46) = Empty
    vntDefaultInputs(53, 1) = 4
    vntDefaultInputs(53, 2) = 1
    vntDefaultInputs(53, 3) = 4
    vntDefaultInputs(53, 4) = 0.74
    vntDefaultInputs(53, 5) = ""MGD""
    vntDefaultInputs(53, 6) = 0.251
    vntDefaultInputs(53, 7) = ""MGD""
    vntDefaultInputs(53, 8) = ""regeneration off-site (non-hazardous)""
    vntDefaultInputs(53, 9) = ""carbon life value- bed volumes""
    vntDefaultInputs(53, 10) = 11400
    vntDefaultInputs(53, 11) = Empty
    vntDefaultInputs(53, 12) = Empty
    vntDefaultInputs(53, 13) = Empty
    vntDefaultInputs(53, 14) = ""EBCT""
    vntDefaultInputs(53, 15) = 20
    vntDefaultInputs(53, 16) = Empty
    vntDefaultInputs(53, 17) = Empty
    vntDefaultInputs(53, 18) = 2
    vntDefaultInputs(53, 19) = 6.7
    vntDefaultInputs(53, 20) = ""upright""
    vntDefaultInputs(53, 21) = 11
    vntDefaultInputs(53, 22) = 11.5
    vntDefaultInputs(53, 23) = Empty
    vntDefaultInputs(53, 24) = Empty
    vntDefaultInputs(53, 25) = Empty
    vntDefaultInputs(53, 26) = 168
    vntDefaultInputs(53, 27) = ""POTW""
    vntDefaultInputs(53, 28) = ""Holding tank""
    vntDefaultInputs(53, 29) = ""manual transfer""
    vntDefaultInputs(53, 30) = ""non-hazardous""
    vntDefaultInputs(53, 31) = Empty
    vntDefaultInputs(53, 32) = 0
    vntDefaultInputs(53, 33) = Empty
    vntDefaultInputs(53, 34) = Empty
    vntDefaultInputs(53, 35) = ""fully automated""
    vntDefaultInputs(53, 36) = Empty
    vntDefaultInputs(53, 37) = Empty
    vntDefaultInputs(53, 38) = Empty
    vntDefaultInputs(53, 39) = Empty
    vntDefaultInputs(53, 40) = Empty
    vntDefaultInputs(53, 41) = Empty
    vntDefaultInputs(53, 42) = Empty
    vntDefaultInputs(53, 43) = Empty
    vntDefaultInputs(53, 44) = Empty
    vntDefaultInputs(53, 45) = Empty
    vntDefaultInputs(53, 46) = Empty
    vntDefaultInputs(54, 1) = 4
    vntDefaultInputs(54, 2) = 1
    vntDefaultInputs(54, 3) = 5
    vntDefaultInputs(54, 4) = 2.152
    vntDefaultInputs(54, 5) = ""MGD""
    vntDefaultInputs(54, 6) = 0.819
    vntDefaultInputs(54, 7) = ""MGD""
    vntDefaultInputs(54, 8) = ""regeneration off-site (non-hazardous)""
    vntDefaultInputs(54, 9) = ""carbon life value- bed volumes""
    vntDefaultInputs(54, 10) = 11400
    vntDefaultInputs(54, 11) = Empty
    vntDefaultInputs(54, 12) = Empty
    vntDefaultInputs(54, 13) = Empty
    vntDefaultInputs(54, 14) = ""EBCT""
    vntDefaultInputs(54, 15) = 20
    vntDefaultInputs(54, 16) = Empty
    vntDefaultInputs(54, 17) = Empty
    vntDefaultInputs(54, 18) = 2
    vntDefaultInputs(54, 19) = 6.5
    vntDefaultInputs(54, 20) = ""upright""
    vntDefaultInputs(54, 21) = 10.5
    vntDefaultInputs(54, 22) = 11.5
    vntDefaultInputs(54, 23) = Empty
    vntDefaultInputs(54, 24) = Empty
    vntDefaultInputs(54, 25) = Empty
    vntDefaultInputs(54, 26) = 168
    vntDefaultInputs(54, 27) = ""POTW""
    vntDefaultInputs(54, 28) = ""Holding tank""
    vntDefaultInputs(54, 29) = ""manual transfer""
    vntDefaultInputs(54, 30) = ""non-hazardous""
    vntDefaultInputs(54, 31) = Empty
    vntDefaultInputs(54, 32) = 0
    vntDefaultInputs(54, 33) = Empty
    vntDefaultInputs(54, 34) = Empty
    vntDefaultInputs(54, 35) = ""fully automated""
    vntDefaultInputs(54, 36) = Empty
    vntDefaultInputs(54, 37) = Empty
    vntDefaultInputs(54, 38) = Empty
    vntDefaultInputs(54, 39) = Empty
    vntDefaultInputs(54, 40) = Empty
    vntDefaultInputs(54, 41) = Empty
    vntDefaultInputs(54, 42) = Empty
    vntDefaultInputs(54, 43) = Empty
    vntDefaultInputs(54, 44) = Empty
    vntDefaultInputs(54, 45) = Empty
    vntDefaultInputs(54, 46) = Empty
    vntDefaultInputs(55, 1) = 4
    vntDefaultInputs(55, 2) = 1
    vntDefaultInputs(55, 3) = 6
    vntDefaultInputs(55, 4) = 7.365
    vntDefaultInputs(55, 5) = ""MGD""
    vntDefaultInputs(55, 6) = 3.2
    vntDefaultInputs(55, 7) = ""MGD""
    vntDefaultInputs(55, 8) = ""regeneration off-site (non-hazardous)""
    vntDefaultInputs(55, 9) = ""carbon life value- bed volumes""
    vntDefaultInputs(55, 10) = 11400
    vntDefaultInputs(55, 11) = Empty
    vntDefaultInputs(55, 12) = Empty
    vntDefaultInputs(55, 13) = Empty
    vntDefaultInputs(55, 14) = ""EBCT""
    vntDefaultInputs(55, 15) = 20
    vntDefaultInputs(55, 16) = Empty
    vntDefaultInputs(55, 17) = Empty
    vntDefaultInputs(55, 18) = 2
    vntDefaultInputs(55, 19) = 7
    vntDefaultInputs(55, 20) = ""upright""
    vntDefaultInputs(55, 21) = 11
    vntDefaultInputs(55, 22) = 12.5
    vntDefaultInputs(55, 23) = Empty
    vntDefaultInputs(55, 24) = Empty
    vntDefaultInputs(55, 25) = Empty
    vntDefaultInputs(55, 26) = 168
    vntDefaultInputs(55, 27) = ""POTW""
    vntDefaultInputs(55, 28) = ""Holding tank""
    vntDefaultInputs(55, 29) = ""eductors""
    vntDefaultInputs(55, 30) = ""non-hazardous""
    vntDefaultInputs(55, 31) = Empty
    vntDefaultInputs(55, 32) = 0
    vntDefaultInputs(55, 33) = Empty
    vntDefaultInputs(55, 34) = Empty
    vntDefaultInputs(55, 35) = ""fully automated""
    vntDefaultInputs(55, 36) = Empty
    vntDefaultInputs(55, 37) = Empty
    vntDefaultInputs(55, 38) = Empty
    vntDefaultInputs(55, 39) = Empty
    vntDefaultInputs(55, 40) = Empty
    vntDefaultInputs(55, 41) = Empty
    vntDefaultInputs(55, 42) = Empty
    vntDefaultInputs(55, 43) = Empty
    vntDefaultInputs(55, 44) = Empty
    vntDefaultInputs(55, 45) = Empty
    vntDefaultInputs(55, 46) = Empty
    vntDefaultInputs(56, 1) = 4
    vntDefaultInputs(56, 2) = 1
    vntDefaultInputs(56, 3) = 7
    vntDefaultInputs(56, 4) = 22.614
    vntDefaultInputs(56, 5) = ""MGD""
    vntDefaultInputs(56, 6) = 11.066
    vntDefaultInputs(56, 7) = ""MGD""
    vntDefaultInputs(56, 8) = ""regeneration off-site (non-hazardous)""
    vntDefaultInputs(56, 9) = ""carbon life value- bed volumes""
    vntDefaultInputs(56, 10) = 11400
    vntDefaultInputs(56, 11) = Empty
    vntDefaultInputs(56, 12) = Empty
    vntDefaultInputs(56, 13) = Empty
    vntDefaultInputs(56, 14) = ""EBCT""
    vntDefaultInputs(56, 15) = 20
    vntDefaultInputs(56, 16) = Empty
    vntDefaultInputs(56, 17) = Empty
    vntDefaultInputs(56, 18) = 2
    vntDefaultInputs(56, 19) = 6.9
    vntDefaultInputs(56, 20) = ""horizontal""
    vntDefaultInputs(56, 21) = 20
    vntDefaultInputs(56, 22) = 14
    vntDefaultInputs(56, 23) = Empty
    vntDefaultInputs(56, 24) = Empty
    vntDefaultInputs(56, 25) = Empty
    vntDefaultInputs(56, 26) = 168
    vntDefaultInputs(56, 27) = ""POTW""
    vntDefaultInputs(56, 28) = ""Holding tank""
    vntDefaultInputs(56, 29) = ""eductors""
    vntDefaultInputs(56, 30) = ""non-hazardous""
    vntDefaultInputs(56, 31) = Empty
    vntDefaultInputs(56, 32) = 0
    vntDefaultInputs(56, 33) = Empty
    vntDefaultInputs(56, 34) = Empty
    vntDefaultInputs(56, 35) = ""fully automated""
    vntDefaultInputs(56, 36) = Empty
    vntDefaultInputs(56, 37) = Empty
    vntDefaultInputs(56, 38) = Empty
    vntDefaultInputs(56, 39) = Empty
    vntDefaultInputs(56, 40) = Empty
    vntDefaultInputs(56, 41) = Empty
    vntDefaultInputs(56, 42) = Empty
    vntDefaultInputs(56, 43) = Empty
    vntDefaultInputs(56, 44) = Empty
    vntDefaultInputs(56, 45) = Empty
    vntDefaultInputs(56, 46) = Empty
    vntDefaultInputs(57, 1) = 4
    vntDefaultInputs(57, 2) = 1
    vntDefaultInputs(57, 3) = 8
    vntDefaultInputs(57, 4) = 75.072
    vntDefaultInputs(57, 5) = ""MGD""
    vntDefaultInputs(57, 6) = 37.536
    vntDefaultInputs(57, 7) = ""MGD""
    vntDefaultInputs(57, 8) = ""regeneration off-site (non-hazardous)""
    vntDefaultInputs(57, 9) = ""carbon life value- bed volumes""
    vntDefaultInputs(57, 10) = 11400
    vntDefaultInputs(57, 11) = Empty
    vntDefaultInputs(57, 12) = Empty
    vntDefaultInputs(57, 13) = Empty
    vntDefaultInputs(57, 14) = ""EBCT""
    vntDefaultInputs(57, 15) = 20
    vntDefaultInputs(57, 16) = Empty
    vntDefaultInputs(57, 17) = Empty
    vntDefaultInputs(57, 18) = 2
    vntDefaultInputs(57, 19) = 7.4
    vntDefaultInputs(57, 20) = ""horizontal""
    vntDefaultInputs(57, 21) = 20
    vntDefaultInputs(57, 22) = 14
    vntDefaultInputs(57, 23) = Empty
    vntDefaultInputs(57, 24) = Empty
    vntDefaultInputs(57, 25) = Empty
    vntDefaultInputs(57, 26) = 168
    vntDefaultInputs(57, 27) = ""POTW""
    vntDefaultInputs(57, 28) = ""Holding tank""
    vntDefaultInputs(57, 29) = ""eductors""
    vntDefaultInputs(57, 30) = ""non-hazardous""
    vntDefaultInputs(57, 31) = Empty
    vntDefaultInputs(57, 32) = 0
    vntDefaultInputs(57, 33) = Empty
    vntDefaultInputs(57, 34) = Empty
    vntDefaultInputs(57, 35) = ""fully automated""
    vntDefaultInputs(57, 36) = Empty
    vntDefaultInputs(57, 37) = Empty
    vntDefaultInputs(57, 38) = Empty
    vntDefaultInputs(57, 39) = Empty
    vntDefaultInputs(57, 40) = Empty
    vntDefaultInputs(57, 41) = Empty
    vntDefaultInputs(57, 42) = Empty
    vntDefaultInputs(57, 43) = Empty
    vntDefaultInputs(57, 44) = Empty
    vntDefaultInputs(57, 45) = Empty
    vntDefaultInputs(57, 46) = Empty
    vntDefaultInputs(58, 1) = 4
    vntDefaultInputs(58, 2) = 2
    vntDefaultInputs(58, 3) = 1
    vntDefaultInputs(58, 4) = 0.03
    vntDefaultInputs(58, 5) = ""MGD""
    vntDefaultInputs(58, 6) = 0.007
    vntDefaultInputs(58, 7) = ""MGD""
    vntDefaultInputs(58, 8) = ""regeneration off-site (non-hazardous)""
    vntDefaultInputs(58, 9) = ""carbon life value- bed volumes""
    vntDefaultInputs(58, 10) = 11400
    vntDefaultInputs(58, 11) = Empty
    vntDefaultInputs(58, 12) = Empty
    vntDefaultInputs(58, 13) = Empty
    vntDefaultInputs(58, 14) = ""EBCT""
    vntDefaultInputs(58, 15) = 20
    vntDefaultInputs(58, 16) = Empty
    vntDefaultInputs(58, 17) = Empty
    vntDefaultInputs(58, 18) = Empty
    vntDefaultInputs(58, 19) = Empty
    vntDefaultInputs(58, 20) = Empty
    vntDefaultInputs(58, 21) = Empty
    vntDefaultInputs(58, 22) = Empty
    vntDefaultInputs(58, 23) = 6
    vntDefaultInputs(58, 24) = 6
    vntDefaultInputs(58, 25) = 3
    vntDefaultInputs(58, 26) = 168
    vntDefaultInputs(58, 27) = ""POTW""
    vntDefaultInputs(58, 28) = ""holding tank""
    vntDefaultInputs(58, 29) = ""manual transfer""
    vntDefaultInputs(58, 30) = ""non-hazardous""
    vntDefaultInputs(58, 31) = Empty
    vntDefaultInputs(58, 32) = Empty
    vntDefaultInputs(58, 33) = Empty
    vntDefaultInputs(58, 34) = Empty
    vntDefaultInputs(58, 35) = ""fully automated""
    vntDefaultInputs(58, 36) = Empty
    vntDefaultInputs(58, 37) = Empty
    vntDefaultInputs(58, 38) = Empty
    vntDefaultInputs(58, 39) = Empty
    vntDefaultInputs(58, 40) = Empty
    vntDefaultInputs(58, 41) = Empty
    vntDefaultInputs(58, 42) = Empty
    vntDefaultInputs(58, 43) = Empty
    vntDefaultInputs(58, 44) = Empty
    vntDefaultInputs(58, 45) = Empty
    vntDefaultInputs(58, 46) = Empty
    vntDefaultInputs(59, 1) = 4
    vntDefaultInputs(59, 2) = 2
    vntDefaultInputs(59, 3) = 2
    vntDefaultInputs(59, 4) = 0.124
    vntDefaultInputs(59, 5) = ""MGD""
    vntDefaultInputs(59, 6) = 0.035
    vntDefaultInputs(59, 7) = ""MGD""
    vntDefaultInputs(59, 8) = ""regeneration off-site (non-hazardous)""
    vntDefaultInputs(59, 9) = ""carbon life value- bed volumes""
    vntDefaultInputs(59, 10) = 11400
    vntDefaultInputs(59, 11) = Empty
    vntDefaultInputs(59, 12) = Empty
    vntDefaultInputs(59, 13) = Empty
    vntDefaultInputs(59, 14) = ""EBCT""
    vntDefaultInputs(59, 15) = 20
    vntDefaultInputs(59, 16) = Empty
    vntDefaultInputs(59, 17) = Empty
    vntDefaultInputs(59, 18) = Empty
    vntDefaultInputs(59, 19) = Empty
    vntDefaultInputs(59, 20) = Empty
    vntDefaultInputs(59, 21) = Empty
    vntDefaultInputs(59, 22) = Empty
    vntDefaultInputs(59, 23) = 6
    vntDefaultInputs(59, 24) = 6
    vntDefaultInputs(59, 25) = 3.2
    vntDefaultInputs(59, 26) = 168
    vntDefaultInputs(59, 27) = ""POTW""
    vntDefaultInputs(59, 28) = ""holding tank""
    vntDefaultInputs(59, 29) = ""manual transfer""
    vntDefaultInputs(59, 30) = ""non-hazardous""
    vntDefaultInputs(59, 31) = Empty
    vntDefaultInputs(59, 32) = Empty
    vntDefaultInputs(59, 33) = Empty
    vntDefaultInputs(59, 34) = Empty
    vntDefaultInputs(59, 35) = ""fully automated""
    vntDefaultInputs(59, 36) = Empty
    vntDefaultInputs(59, 37) = Empty
    vntDefaultInputs(59, 38) = Empty
    vntDefaultInputs(59, 39) = Empty
    vntDefaultInputs(59, 40) = Empty
    vntDefaultInputs(59, 41) = Empty
    vntDefaultInputs(59, 42) = Empty
    vntDefaultInputs(59, 43) = Empty
    vntDefaultInputs(59, 44) = Empty
    vntDefaultInputs(59, 45) = Empty
    vntDefaultInputs(59, 46) = Empty
    vntDefaultInputs(60, 1) = 4
    vntDefaultInputs(60, 2) = 2
    vntDefaultInputs(60, 3) = 3
    vntDefaultInputs(60, 4) = 0.305
    vntDefaultInputs(60, 5) = ""MGD""
    vntDefaultInputs(60, 6) = 0.094
    vntDefaultInputs(60, 7) = ""MGD""
    vntDefaultInputs(60, 8) = ""regeneration off-site (non-hazardous)""
    vntDefaultInputs(60, 9) = ""carbon life value- bed volumes""
    vntDefaultInputs(60, 10) = 11400
    vntDefaultInputs(60, 11) = Empty
    vntDefaultInputs(60, 12) = Empty
    vntDefaultInputs(60, 13) = Empty
    vntDefaultInputs(60, 14) = ""EBCT""
    vntDefaultInputs(60, 15) = 20
    vntDefaultInputs(60, 16) = Empty
    vntDefaultInputs(60, 17) = Empty
    vntDefaultInputs(60, 18) = Empty
    vntDefaultInputs(60, 19) = Empty
    vntDefaultInputs(60, 20) = Empty
    vntDefaultInputs(60, 21) = Empty
    vntDefaultInputs(60, 22) = Empty
    vntDefaultInputs(60, 23) = 7
    vntDefaultInputs(60, 24) = 7
    vntDefaultInputs(60, 25) = 5.8
    vntDefaultInputs(60, 26) = 168
    vntDefaultInputs(60, 27) = ""POTW""
    vntDefaultInputs(60, 28) = ""holding tank""
    vntDefaultInputs(60, 29) = ""manual transfer""
    vntDefaultInputs(60, 30) = ""non-hazardous""
    vntDefaultInputs(60, 31) = Empty
    vntDefaultInputs(60, 32) = Empty
    vntDefaultInputs(60, 33) = Empty
    vntDefaultInputs(60, 34) = Empty
    vntDefaultInputs(60, 35) = ""fully automated""
    vntDefaultInputs(60, 36) = Empty
    vntDefaultInputs(60, 37) = Empty
    vntDefaultInputs(60, 38) = Empty
    vntDefaultInputs(60, 39) = Empty
    vntDefaultInputs(60, 40) = Empty
    vntDefaultInputs(60, 41) = Empty
    vntDefaultInputs(60, 42) = Empty
    vntDefaultInputs(60, 43) = Empty
    vntDefaultInputs(60, 44) = Empty
    vntDefaultInputs(60, 45) = Empty
    vntDefaultInputs(60, 46) = Empty
    vntDefaultInputs(61, 1) = 4
    vntDefaultInputs(61, 2) = 2
    vntDefaultInputs(61, 3) = 4
    vntDefaultInputs(61, 4) = 0.74
    vntDefaultInputs(61, 5) = ""MGD""
    vntDefaultInputs(61, 6) = 0.251
    vntDefaultInputs(61, 7) = ""MGD""
    vntDefaultInputs(61, 8) = ""regeneration off-site (non-hazardous)""
    vntDefaultInputs(61, 9) = ""carbon life value- bed volumes""
    vntDefaultInputs(61, 10) = 11400
    vntDefaultInputs(61, 11) = Empty
    vntDefaultInputs(61, 12) = Empty
    vntDefaultInputs(61, 13) = Empty
    vntDefaultInputs(61, 14) = ""EBCT""
    vntDefaultInputs(61, 15) = 20
    vntDefaultInputs(61, 16) = Empty
    vntDefaultInputs(61, 17) = Empty
    vntDefaultInputs(61, 18) = Empty
    vntDefaultInputs(61, 19) = Empty
    vntDefaultInputs(61, 20) = Empty
    vntDefaultInputs(61, 21) = Empty
    vntDefaultInputs(61, 22) = Empty
    vntDefaultInputs(61, 23) = 11
    vntDefaultInputs(61, 24) = 11
    vntDefaultInputs(61, 25) = 5.7
    vntDefaultInputs(61, 26) = 168
    vntDefaultInputs(61, 27) = ""POTW""
    vntDefaultInputs(61, 28) = ""holding tank""
    vntDefaultInputs(61, 29) = ""manual transfer""
    vntDefaultInputs(61, 30) = ""non-hazardous""
    vntDefaultInputs(61, 31) = Empty
    vntDefaultInputs(61, 32) = Empty
    vntDefaultInputs(61, 33) = Empty
    vntDefaultInputs(61, 34) = Empty
    vntDefaultInputs(61, 35) = ""fully automated""
    vntDefaultInputs(61, 36) = Empty
    vntDefaultInputs(61, 37) = Empty
    vntDefaultInputs(61, 38) = Empty
    vntDefaultInputs(61, 39) = Empty
    vntDefaultInputs(61, 40) = Empty
    vntDefaultInputs(61, 41) = Empty
    vntDefaultInputs(61, 42) = Empty
    vntDefaultInputs(61, 43) = Empty
    vntDefaultInputs(61, 44) = Empty
    vntDefaultInputs(61, 45) = Empty
    vntDefaultInputs(61, 46) = Empty
    vntDefaultInputs(62, 1) = 4
    vntDefaultInputs(62, 2) = 2
    vntDefaultInputs(62, 3) = 5
    vntDefaultInputs(62, 4) = 2.152
    vntDefaultInputs(62, 5) = ""MGD""
    vntDefaultInputs(62, 6) = 0.819
    vntDefaultInputs(62, 7) = ""MGD""
    vntDefaultInputs(62, 8) = ""regeneration off-site (non-hazardous)""
    vntDefaultInputs(62, 9) = ""carbon life value- bed volumes""
    vntDefaultInputs(62, 10) = 11400
    vntDefaultInputs(62, 11) = Empty
    vntDefaultInputs(62, 12) = Empty
    vntDefaultInputs(62, 13) = Empty
    vntDefaultInputs(62, 14) = ""EBCT""
    vntDefaultInputs(62, 15) = 20
    vntDefaultInputs(62, 16) = Empty
    vntDefaultInputs(62, 17) = Empty
    vntDefaultInputs(62, 18) = Empty
    vntDefaultInputs(62, 19) = Empty
    vntDefaultInputs(62, 20) = Empty
    vntDefaultInputs(62, 21) = Empty
    vntDefaultInputs(62, 22) = Empty
    vntDefaultInputs(62, 23) = 10
    vntDefaultInputs(62, 24) = 10
    vntDefaultInputs(62, 25) = 8
    vntDefaultInputs(62, 26) = 168
    vntDefaultInputs(62, 27) = ""POTW""
    vntDefaultInputs(62, 28) = ""holding tank""
    vntDefaultInputs(62, 29) = ""manual transfer""
    vntDefaultInputs(62, 30) = ""non-hazardous""
    vntDefaultInputs(62, 31) = Empty
    vntDefaultInputs(62, 32) = Empty
    vntDefaultInputs(62, 33) = Empty
    vntDefaultInputs(62, 34) = Empty
    vntDefaultInputs(62, 35) = ""fully automated""
    vntDefaultInputs(62, 36) = Empty
    vntDefaultInputs(62, 37) = Empty
    vntDefaultInputs(62, 38) = Empty
    vntDefaultInputs(62, 39) = Empty
    vntDefaultInputs(62, 40) = Empty
    vntDefaultInputs(62, 41) = Empty
    vntDefaultInputs(62, 42) = Empty
    vntDefaultInputs(62, 43) = Empty
    vntDefaultInputs(62, 44) = Empty
    vntDefaultInputs(62, 45) = Empty
    vntDefaultInputs(62, 46) = Empty
    vntDefaultInputs(63, 1) = 4
    vntDefaultInputs(63, 2) = 2
    vntDefaultInputs(63, 3) = 6
    vntDefaultInputs(63, 4) = 7.365
    vntDefaultInputs(63, 5) = ""MGD""
    vntDefaultInputs(63, 6) = 3.2
    vntDefaultInputs(63, 7) = ""MGD""
    vntDefaultInputs(63, 8) = ""regeneration off-site (non-hazardous)""
    vntDefaultInputs(63, 9) = ""carbon life value- bed volumes""
    vntDefaultInputs(63, 10) = 11400
    vntDefaultInputs(63, 11) = Empty
    vntDefaultInputs(63, 12) = Empty
    vntDefaultInputs(63, 13) = Empty
    vntDefaultInputs(63, 14) = ""EBCT""
    vntDefaultInputs(63, 15) = 20
    vntDefaultInputs(63, 16) = Empty
    vntDefaultInputs(63, 17) = Empty
    vntDefaultInputs(63, 18) = Empty
    vntDefaultInputs(63, 19) = Empty
    vntDefaultInputs(63, 20) = Empty
    vntDefaultInputs(63, 21) = Empty
    vntDefaultInputs(63, 22) = Empty
    vntDefaultInputs(63, 23) = 17
    vntDefaultInputs(63, 24) = 17
    vntDefaultInputs(63, 25) = 7.9
    vntDefaultInputs(63, 26) = 168
    vntDefaultInputs(63, 27) = ""POTW""
    vntDefaultInputs(63, 28) = ""holding tank""
    vntDefaultInputs(63, 29) = ""eductors""
    vntDefaultInputs(63, 30) = ""non-hazardous""
    vntDefaultInputs(63, 31) = Empty
    vntDefaultInputs(63, 32) = Empty
    vntDefaultInputs(63, 33) = Empty
    vntDefaultInputs(63, 34) = Empty
    vntDefaultInputs(63, 35) = ""fully automated""
    vntDefaultInputs(63, 36) = Empty
    vntDefaultInputs(63, 37) = Empty
    vntDefaultInputs(63, 38) = Empty
    vntDefaultInputs(63, 39) = Empty
    vntDefaultInputs(63, 40) = Empty
    vntDefaultInputs(63, 41) = Empty
    vntDefaultInputs(63, 42) = Empty
    vntDefaultInputs(63, 43) = Empty
    vntDefaultInputs(63, 44) = Empty
    vntDefaultInputs(63, 45) = Empty
    vntDefaultInputs(63, 46) = Empty
    vntDefaultInputs(64, 1) = 4
    vntDefaultInputs(64, 2) = 2
    vntDefaultInputs(64, 3) = 7
    vntDefaultInputs(64, 4) = 22.614
    vntDefaultInputs(64, 5) = ""MGD""
    vntDefaultInputs(64, 6) = 11.066
    vntDefaultInputs(64, 7) = ""MGD""
    vntDefaultInputs(64, 8) = ""regeneration off-site (non-hazardous)""
    vntDefaultInputs(64, 9) = ""carbon life value- bed volumes""
    vntDefaultInputs(64, 10) = 11400
    vntDefaultInputs(64, 11) = Empty
    vntDefaultInputs(64, 12) = Empty
    vntDefaultInputs(64, 13) = Empty
    vntDefaultInputs(64, 14) = ""EBCT""
    vntDefaultInputs(64, 15) = 20
    vntDefaultInputs(64, 16) = Empty
    vntDefaultInputs(64, 17) = Empty
    vntDefaultInputs(64, 18) = Empty
    vntDefaultInputs(64, 19) = Empty
    vntDefaultInputs(64, 20) = Empty
    vntDefaultInputs(64, 21) = Empty
    vntDefaultInputs(64, 22) = Empty
    vntDefaultInputs(64, 23) = 21
    vntDefaultInputs(64, 24) = 21
    vntDefaultInputs(64, 25) = 8
    vntDefaultInputs(64, 26) = 168
    vntDefaultInputs(64, 27) = ""POTW""
    vntDefaultInputs(64, 28) = ""holding tank""
    vntDefaultInputs(64, 29) = ""eductors""
    vntDefaultInputs(64, 30) = ""non-hazardous""
    vntDefaultInputs(64, 31) = Empty
    vntDefaultInputs(64, 32) = Empty
    vntDefaultInputs(64, 33) = Empty
    vntDefaultInputs(64, 34) = Empty
    vntDefaultInputs(64, 35) = ""fully automated""
    vntDefaultInputs(64, 36) = Empty
    vntDefaultInputs(64, 37) = Empty
    vntDefaultInputs(64, 38) = Empty
    vntDefaultInputs(64, 39) = Empty
    vntDefaultInputs(64, 40) = Empty
    vntDefaultInputs(64, 41) = Empty
    vntDefaultInputs(64, 42) = Empty
    vntDefaultInputs(64, 43) = Empty
    vntDefaultInputs(64, 44) = Empty
    vntDefaultInputs(64, 45) = Empty
    vntDefaultInputs(64, 46) = Empty
    vntDefaultInputs(65, 1) = 4
    vntDefaultInputs(65, 2) = 2
    vntDefaultInputs(65, 3) = 8
    vntDefaultInputs(65, 4) = 75.072
    vntDefaultInputs(65, 5) = ""MGD""
    vntDefaultInputs(65, 6) = 37.536
    vntDefaultInputs(65, 7) = ""MGD""
    vntDefaultInputs(65, 8) = ""regeneration off-site (non-hazardous)""
    vntDefaultInputs(65, 9) = ""carbon life value- bed volumes""
    vntDefaultInputs(65, 10) = 11400
    vntDefaultInputs(65, 11) = Empty
    vntDefaultInputs(65, 12) = Empty
    vntDefaultInputs(65, 13) = Empty
    vntDefaultInputs(65, 14) = ""EBCT""
    vntDefaultInputs(65, 15) = 20
    vntDefaultInputs(65, 16) = Empty
    vntDefaultInputs(65, 17) = Empty
    vntDefaultInputs(65, 18) = Empty
    vntDefaultInputs(65, 19) = Empty
    vntDefaultInputs(65, 20) = Empty
    vntDefaultInputs(65, 21) = Empty
    vntDefaultInputs(65, 22) = Empty
    vntDefaultInputs(65, 23) = 30
    vntDefaultInputs(65, 24) = 30
    vntDefaultInputs(65, 25) = 9.7
    vntDefaultInputs(65, 26) = 168
    vntDefaultInputs(65, 27) = ""POTW""
    vntDefaultInputs(65, 28) = ""holding tank""
    vntDefaultInputs(65, 29) = ""eductors""
    vntDefaultInputs(65, 30) = ""non-hazardous""
    vntDefaultInputs(65, 31) = Empty
    vntDefaultInputs(65, 32) = Empty
    vntDefaultInputs(65, 33) = Empty
    vntDefaultInputs(65, 34) = Empty
    vntDefaultInputs(65, 35) = ""fully automated""
    vntDefaultInputs(65, 36) = Empty
    vntDefaultInputs(65, 37) = Empty
    vntDefaultInputs(65, 38) = Empty
    vntDefaultInputs(65, 39) = Empty
    vntDefaultInputs(65, 40) = Empty
    vntDefaultInputs(65, 41) = Empty
    vntDefaultInputs(65, 42) = Empty
    vntDefaultInputs(65, 43) = Empty
    vntDefaultInputs(65, 44) = Empty
    vntDefaultInputs(65, 45) = Empty
    vntDefaultInputs(65, 46) = Empty
    vntDefaultInputs(66, 1) = 5
    vntDefaultInputs(66, 2) = 1
    vntDefaultInputs(66, 3) = 1
    vntDefaultInputs(66, 4) = 0.03
    vntDefaultInputs(66, 5) = ""MGD""
    vntDefaultInputs(66, 6) = 0.007
    vntDefaultInputs(66, 7) = ""MGD""
    vntDefaultInputs(66, 8) = ""regeneration off-site (non-hazardous)""
    vntDefaultInputs(66, 9) = ""carbon life value- bed volumes""
    vntDefaultInputs(66, 10) = 7100
    vntDefaultInputs(66, 11) = Empty
    vntDefaultInputs(66, 12) = Empty
    vntDefaultInputs(66, 13) = Empty
    vntDefaultInputs(66, 14) = ""EBCT""
    vntDefaultInputs(66, 15) = 20
    vntDefaultInputs(66, 16) = Empty
    vntDefaultInputs(66, 17) = Empty
    vntDefaultInputs(66, 18) = 2
    vntDefaultInputs(66, 19) = 4
    vntDefaultInputs(66, 20) = ""upright""
    vntDefaultInputs(66, 21) = 6.5
    vntDefaultInputs(66, 22) = 3
    vntDefaultInputs(66, 23) = Empty
    vntDefaultInputs(66, 24) = Empty
    vntDefaultInputs(66, 25) = Empty
    vntDefaultInputs(66, 26) = 168
    vntDefaultInputs(66, 27) = ""POTW""
    vntDefaultInputs(66, 28) = ""no holding tank""
    vntDefaultInputs(66, 29) = ""manual transfer""
    vntDefaultInputs(66, 30) = Empty
    vntDefaultInputs(66, 31) = Empty
    vntDefaultInputs(66, 32) = 0
    vntDefaultInputs(66, 33) = Empty
    vntDefaultInputs(66, 34) = Empty
    vntDefaultInputs(66, 35) = ""fully automated""
    vntDefaultInputs(66, 36) = Empty
    vntDefaultInputs(66, 37) = Empty
    vntDefaultInputs(66, 38) = Empty
    vntDefaultInputs(66, 39) = Empty
    vntDefaultInputs(66, 40) = Empty
    vntDefaultInputs(66, 41) = Empty
    vntDefaultInputs(66, 42) = Empty
    vntDefaultInputs(66, 43) = Empty
    vntDefaultInputs(66, 44) = Empty
    vntDefaultInputs(66, 45) = Empty
    vntDefaultInputs(66, 46) = Empty
    vntDefaultInputs(67, 1) = 5
    vntDefaultInputs(67, 2) = 1
    vntDefaultInputs(67, 3) = 2
    vntDefaultInputs(67, 4) = 0.124
    vntDefaultInputs(67, 5) = ""MGD""
    vntDefaultInputs(67, 6) = 0.035
    vntDefaultInputs(67, 7) = ""MGD""
    vntDefaultInputs(67, 8) = ""regeneration off-site (non-hazardous)""
    vntDefaultInputs(67, 9) = ""carbon life value- bed volumes""
    vntDefaultInputs(67, 10) = 7100
    vntDefaultInputs(67, 11) = Empty
    vntDefaultInputs(67, 12) = Empty
    vntDefaultInputs(67, 13) = Empty
    vntDefaultInputs(67, 14) = ""EBCT""
    vntDefaultInputs(67, 15) = 20
    vntDefaultInputs(67, 16) = Empty
    vntDefaultInputs(67, 17) = Empty
    vntDefaultInputs(67, 18) = 2
    vntDefaultInputs(67, 19) = 5.9
    vntDefaultInputs(67, 20) = ""upright""
    vntDefaultInputs(67, 21) = 9.5
    vntDefaultInputs(67, 22) = 5
    vntDefaultInputs(67, 23) = Empty
    vntDefaultInputs(67, 24) = Empty
    vntDefaultInputs(67, 25) = Empty
    vntDefaultInputs(67, 26) = 168
    vntDefaultInputs(67, 27) = ""POTW""
    vntDefaultInputs(67, 28) = ""Holding tank""
    vntDefaultInputs(67, 29) = ""manual transfer""
    vntDefaultInputs(67, 30) = ""non-hazardous""
    vntDefaultInputs(67, 31) = Empty
    vntDefaultInputs(67, 32) = 0
    vntDefaultInputs(67, 33) = Empty
    vntDefaultInputs(67, 34) = Empty
    vntDefaultInputs(67, 35) = ""fully automated""
    vntDefaultInputs(67, 36) = Empty
    vntDefaultInputs(67, 37) = Empty
    vntDefaultInputs(67, 38) = Empty
    vntDefaultInputs(67, 39) = Empty
    vntDefaultInputs(67, 40) = Empty
    vntDefaultInputs(67, 41) = Empty
    vntDefaultInputs(67, 42) = Empty
    vntDefaultInputs(67, 43) = Empty
    vntDefaultInputs(67, 44) = Empty
    vntDefaultInputs(67, 45) = Empty
    vntDefaultInputs(67, 46) = Empty
    vntDefaultInputs(68, 1) = 5
    vntDefaultInputs(68, 2) = 1
    vntDefaultInputs(68, 3) = 3
    vntDefaultInputs(68, 4) = 0.305
    vntDefaultInputs(68, 5) = ""MGD""
    vntDefaultInputs(68, 6) = 0.094
    vntDefaultInputs(68, 7) = ""MGD""
    vntDefaultInputs(68, 8) = ""regeneration off-site (non-hazardous)""
    vntDefaultInputs(68, 9) = ""carbon life value- bed volumes""
    vntDefaultInputs(68, 10) = 7100
    vntDefaultInputs(68, 11) = Empty
    vntDefaultInputs(68, 12) = Empty
    vntDefaultInputs(68, 13) = Empty
    vntDefaultInputs(68, 14) = ""EBCT""
    vntDefaultInputs(68, 15) = 20
    vntDefaultInputs(68, 16) = Empty
    vntDefaultInputs(68, 17) = Empty
    vntDefaultInputs(68, 18) = 2
    vntDefaultInputs(68, 19) = 6.5
    vntDefaultInputs(68, 20) = ""upright""
    vntDefaultInputs(68, 21) = 10.5
    vntDefaultInputs(68, 22) = 7.5
    vntDefaultInputs(68, 23) = Empty
    vntDefaultInputs(68, 24) = Empty
    vntDefaultInputs(68, 25) = Empty
    vntDefaultInputs(68, 26) = 168
    vntDefaultInputs(68, 27) = ""POTW""
    vntDefaultInputs(68, 28) = ""Holding tank""
    vntDefaultInputs(68, 29) = ""manual transfer""
    vntDefaultInputs(68, 30) = ""non-hazardous""
    vntDefaultInputs(68, 31) = Empty
    vntDefaultInputs(68, 32) = 0
    vntDefaultInputs(68, 33) = Empty
    vntDefaultInputs(68, 34) = Empty
    vntDefaultInputs(68, 35) = ""fully automated""
    vntDefaultInputs(68, 36) = Empty
    vntDefaultInputs(68, 37) = Empty
    vntDefaultInputs(68, 38) = Empty
    vntDefaultInputs(68, 39) = Empty
    vntDefaultInputs(68, 40) = Empty
    vntDefaultInputs(68, 41) = Empty
    vntDefaultInputs(68, 42) = Empty
    vntDefaultInputs(68, 43) = Empty
    vntDefaultInputs(68, 44) = Empty
    vntDefaultInputs(68, 45) = Empty
    vntDefaultInputs(68, 46) = Empty
    vntDefaultInputs(69, 1) = 5
    vntDefaultInputs(69, 2) = 1
    vntDefaultInputs(69, 3) = 4
    vntDefaultInputs(69, 4) = 0.74
    vntDefaultInputs(69, 5) = ""MGD""
    vntDefaultInputs(69, 6) = 0.251
    vntDefaultInputs(69, 7) = ""MGD""
    vntDefaultInputs(69, 8) = ""regeneration off-site (non-hazardous)""
    vntDefaultInputs(69, 9) = ""carbon life value- bed volumes""
    vntDefaultInputs(69, 10) = 7100
    vntDefaultInputs(69, 11) = Empty
    vntDefaultInputs(69, 12) = Empty
    vntDefaultInputs(69, 13) = Empty
    vntDefaultInputs(69, 14) = ""EBCT""
    vntDefaultInputs(69, 15) = 20
    vntDefaultInputs(69, 16) = Empty
    vntDefaultInputs(69, 17) = Empty
    vntDefaultInputs(69, 18) = 2
    vntDefaultInputs(69, 19) = 6.7
    vntDefaultInputs(69, 20) = ""upright""
    vntDefaultInputs(69, 21) = 11
    vntDefaultInputs(69, 22) = 11.5
    vntDefaultInputs(69, 23) = Empty
    vntDefaultInputs(69, 24) = Empty
    vntDefaultInputs(69, 25) = Empty
    vntDefaultInputs(69, 26) = 168
    vntDefaultInputs(69, 27) = ""POTW""
    vntDefaultInputs(69, 28) = ""Holding tank""
    vntDefaultInputs(69, 29) = ""manual transfer""
    vntDefaultInputs(69, 30) = ""non-hazardous""
    vntDefaultInputs(69, 31) = Empty
    vntDefaultInputs(69, 32) = 0
    vntDefaultInputs(69, 33) = Empty
    vntDefaultInputs(69, 34) = Empty
    vntDefaultInputs(69, 35) = ""fully automated""
    vntDefaultInputs(69, 36) = Empty
    vntDefaultInputs(69, 37) = Empty
    vntDefaultInputs(69, 38) = Empty
    vntDefaultInputs(69, 39) = Empty
    vntDefaultInputs(69, 40) = Empty
    vntDefaultInputs(69, 41) = Empty
    vntDefaultInputs(69, 42) = Empty
    vntDefaultInputs(69, 43) = Empty
    vntDefaultInputs(69, 44) = Empty
    vntDefaultInputs(69, 45) = Empty
    vntDefaultInputs(69, 46) = Empty
    vntDefaultInputs(70, 1) = 5
    vntDefaultInputs(70, 2) = 1
    vntDefaultInputs(70, 3) = 5
    vntDefaultInputs(70, 4) = 2.152
    vntDefaultInputs(70, 5) = ""MGD""
    vntDefaultInputs(70, 6) = 0.819
    vntDefaultInputs(70, 7) = ""MGD""
    vntDefaultInputs(70, 8) = ""regeneration off-site (non-hazardous)""
    vntDefaultInputs(70, 9) = ""carbon life value- bed volumes""
    vntDefaultInputs(70, 10) = 7100
    vntDefaultInputs(70, 11) = Empty
    vntDefaultInputs(70, 12) = Empty
    vntDefaultInputs(70, 13) = Empty
    vntDefaultInputs(70, 14) = ""EBCT""
    vntDefaultInputs(70, 15) = 20
    vntDefaultInputs(70, 16) = Empty
    vntDefaultInputs(70, 17) = Empty
    vntDefaultInputs(70, 18) = 2
    vntDefaultInputs(70, 19) = 6.5
    vntDefaultInputs(70, 20) = ""upright""
    vntDefaultInputs(70, 21) = 10.5
    vntDefaultInputs(70, 22) = 11.5
    vntDefaultInputs(70, 23) = Empty
    vntDefaultInputs(70, 24) = Empty
    vntDefaultInputs(70, 25) = Empty
    vntDefaultInputs(70, 26) = 168
    vntDefaultInputs(70, 27) = ""POTW""
    vntDefaultInputs(70, 28) = ""Holding tank""
    vntDefaultInputs(70, 29) = ""manual transfer""
    vntDefaultInputs(70, 30) = ""non-hazardous""
    vntDefaultInputs(70, 31) = Empty
    vntDefaultInputs(70, 32) = 0
    vntDefaultInputs(70, 33) = Empty
    vntDefaultInputs(70, 34) = Empty
    vntDefaultInputs(70, 35) = ""fully automated""
    vntDefaultInputs(70, 36) = Empty
    vntDefaultInputs(70, 37) = Empty
    vntDefaultInputs(70, 38) = Empty
    vntDefaultInputs(70, 39) = Empty
    vntDefaultInputs(70, 40) = Empty
    vntDefaultInputs(70, 41) = Empty
    vntDefaultInputs(70, 42) = Empty
    vntDefaultInputs(70, 43) = Empty
    vntDefaultInputs(70, 44) = Empty
    vntDefaultInputs(70, 45) = Empty
    vntDefaultInputs(70, 46) = Empty
    vntDefaultInputs(71, 1) = 5
    vntDefaultInputs(71, 2) = 1
    vntDefaultInputs(71, 3) = 6
    vntDefaultInputs(71, 4) = 7.365
    vntDefaultInputs(71, 5) = ""MGD""
    vntDefaultInputs(71, 6) = 3.2
    vntDefaultInputs(71, 7) = ""MGD""
    vntDefaultInputs(71, 8) = ""regeneration off-site (non-hazardous)""
    vntDefaultInputs(71, 9) = ""carbon life value- bed volumes""
    vntDefaultInputs(71, 10) = 7100
    vntDefaultInputs(71, 11) = Empty
    vntDefaultInputs(71, 12) = Empty
    vntDefaultInputs(71, 13) = Empty
    vntDefaultInputs(71, 14) = ""EBCT""
    vntDefaultInputs(71, 15) = 20
    vntDefaultInputs(71, 16) = Empty
    vntDefaultInputs(71, 17) = Empty
    vntDefaultInputs(71, 18) = 2
    vntDefaultInputs(71, 19) = 7
    vntDefaultInputs(71, 20) = ""upright""
    vntDefaultInputs(71, 21) = 11
    vntDefaultInputs(71, 22) = 12.5
    vntDefaultInputs(71, 23) = Empty
    vntDefaultInputs(71, 24) = Empty
    vntDefaultInputs(71, 25) = Empty
    vntDefaultInputs(71, 26) = 168
    vntDefaultInputs(71, 27) = ""POTW""
    vntDefaultInputs(71, 28) = ""Holding tank""
    vntDefaultInputs(71, 29) = ""eductors""
    vntDefaultInputs(71, 30) = ""non-hazardous""
    vntDefaultInputs(71, 31) = Empty
    vntDefaultInputs(71, 32) = 0
    vntDefaultInputs(71, 33) = Empty
    vntDefaultInputs(71, 34) = Empty
    vntDefaultInputs(71, 35) = ""fully automated""
    vntDefaultInputs(71, 36) = Empty
    vntDefaultInputs(71, 37) = Empty
    vntDefaultInputs(71, 38) = Empty
    vntDefaultInputs(71, 39) = Empty
    vntDefaultInputs(71, 40) = Empty
    vntDefaultInputs(71, 41) = Empty
    vntDefaultInputs(71, 42) = Empty
    vntDefaultInputs(71, 43) = Empty
    vntDefaultInputs(71, 44) = Empty
    vntDefaultInputs(71, 45) = Empty
    vntDefaultInputs(71, 46) = Empty
    vntDefaultInputs(72, 1) = 5
    vntDefaultInputs(72, 2) = 1
    vntDefaultInputs(72, 3) = 7
    vntDefaultInputs(72, 4) = 22.614
    vntDefaultInputs(72, 5) = ""MGD""
    vntDefaultInputs(72, 6) = 11.066
    vntDefaultInputs(72, 7) = ""MGD""
    vntDefaultInputs(72, 8) = ""regeneration off-site (non-hazardous)""
    vntDefaultInputs(72, 9) = ""carbon life value- bed volumes""
    vntDefaultInputs(72, 10) = 7100
    vntDefaultInputs(72, 11) = Empty
    vntDefaultInputs(72, 12) = Empty
    vntDefaultInputs(72, 13) = Empty
    vntDefaultInputs(72, 14) = ""EBCT""
    vntDefaultInputs(72, 15) = 20
    vntDefaultInputs(72, 16) = Empty
    vntDefaultInputs(72, 17) = Empty
    vntDefaultInputs(72, 18) = 2
    vntDefaultInputs(72, 19) = 6.9
    vntDefaultInputs(72, 20) = ""horizontal""
    vntDefaultInputs(72, 21) = 20
    vntDefaultInputs(72, 22) = 14
    vntDefaultInputs(72, 23) = Empty
    vntDefaultInputs(72, 24) = Empty
    vntDefaultInputs(72, 25) = Empty
    vntDefaultInputs(72, 26) = 168
    vntDefaultInputs(72, 27) = ""POTW""
    vntDefaultInputs(72, 28) = ""Holding tank""
    vntDefaultInputs(72, 29) = ""eductors""
    vntDefaultInputs(72, 30) = ""non-hazardous""
    vntDefaultInputs(72, 31) = Empty
    vntDefaultInputs(72, 32) = 0
    vntDefaultInputs(72, 33) = Empty
    vntDefaultInputs(72, 34) = Empty
    vntDefaultInputs(72, 35) = ""fully automated""
    vntDefaultInputs(72, 36) = Empty
    vntDefaultInputs(72, 37) = Empty
    vntDefaultInputs(72, 38) = Empty
    vntDefaultInputs(72, 39) = Empty
    vntDefaultInputs(72, 40) = Empty
    vntDefaultInputs(72, 41) = Empty
    vntDefaultInputs(72, 42) = Empty
    vntDefaultInputs(72, 43) = Empty
    vntDefaultInputs(72, 44) = Empty
    vntDefaultInputs(72, 45) = Empty
    vntDefaultInputs(72, 46) = Empty
    vntDefaultInputs(73, 1) = 5
    vntDefaultInputs(73, 2) = 1
    vntDefaultInputs(73, 3) = 8
    vntDefaultInputs(73, 4) = 75.072
    vntDefaultInputs(73, 5) = ""MGD""
    vntDefaultInputs(73, 6) = 37.536
    vntDefaultInputs(73, 7) = ""MGD""
    vntDefaultInputs(73, 8) = ""regeneration off-site (non-hazardous)""
    vntDefaultInputs(73, 9) = ""carbon life value- bed volumes""
    vntDefaultInputs(73, 10) = 7100
    vntDefaultInputs(73, 11) = Empty
    vntDefaultInputs(73, 12) = Empty
    vntDefaultInputs(73, 13) = Empty
    vntDefaultInputs(73, 14) = ""EBCT""
    vntDefaultInputs(73, 15) = 20
    vntDefaultInputs(73, 16) = Empty
    vntDefaultInputs(73, 17) = Empty
    vntDefaultInputs(73, 18) = 2
    vntDefaultInputs(73, 19) = 7.4
    vntDefaultInputs(73, 20) = ""horizontal""
    vntDefaultInputs(73, 21) = 20
    vntDefaultInputs(73, 22) = 14
    vntDefaultInputs(73, 23) = Empty
    vntDefaultInputs(73, 24) = Empty
    vntDefaultInputs(73, 25) = Empty
    vntDefaultInputs(73, 26) = 168
    vntDefaultInputs(73, 27) = ""POTW""
    vntDefaultInputs(73, 28) = ""Holding tank""
    vntDefaultInputs(73, 29) = ""eductors""
    vntDefaultInputs(73, 30) = ""non-hazardous""
    vntDefaultInputs(73, 31) = Empty
    vntDefaultInputs(73, 32) = 0
    vntDefaultInputs(73, 33) = Empty
    vntDefaultInputs(73, 34) = Empty
    vntDefaultInputs(73, 35) = ""fully automated""
    vntDefaultInputs(73, 36) = Empty
    vntDefaultInputs(73, 37) = Empty
    vntDefaultInputs(73, 38) = Empty
    vntDefaultInputs(73, 39) = Empty
    vntDefaultInputs(73, 40) = Empty
    vntDefaultInputs(73, 41) = Empty
    vntDefaultInputs(73, 42) = Empty
    vntDefaultInputs(73, 43) = Empty
    vntDefaultInputs(73, 44) = Empty
    vntDefaultInputs(73, 45) = Empty
    vntDefaultInputs(73, 46) = Empty
    vntDefaultInputs(74, 1) = 5
    vntDefaultInputs(74, 2) = 2
    vntDefaultInputs(74, 3) = 1
    vntDefaultInputs(74, 4) = 0.03
    vntDefaultInputs(74, 5) = ""MGD""
    vntDefaultInputs(74, 6) = 0.007
    vntDefaultInputs(74, 7) = ""MGD""
    vntDefaultInputs(74, 8) = ""regeneration off-site (non-hazardous)""
    vntDefaultInputs(74, 9) = ""carbon life value- bed volumes""
    vntDefaultInputs(74, 10) = 7100
    vntDefaultInputs(74, 11) = Empty
    vntDefaultInputs(74, 12) = Empty
    vntDefaultInputs(74, 13) = Empty
    vntDefaultInputs(74, 14) = ""EBCT""
    vntDefaultInputs(74, 15) = 20
    vntDefaultInputs(74, 16) = Empty
    vntDefaultInputs(74, 17) = Empty
    vntDefaultInputs(74, 18) = Empty
    vntDefaultInputs(74, 19) = Empty
    vntDefaultInputs(74, 20) = Empty
    vntDefaultInputs(74, 21) = Empty
    vntDefaultInputs(74, 22) = Empty
    vntDefaultInputs(74, 23) = 6
    vntDefaultInputs(74, 24) = 6
    vntDefaultInputs(74, 25) = 3
    vntDefaultInputs(74, 26) = 168
    vntDefaultInputs(74, 27) = ""POTW""
    vntDefaultInputs(74, 28) = ""holding tank""
    vntDefaultInputs(74, 29) = ""manual transfer""
    vntDefaultInputs(74, 30) = ""non-hazardous""
    vntDefaultInputs(74, 31) = Empty
    vntDefaultInputs(74, 32) = Empty
    vntDefaultInputs(74, 33) = Empty
    vntDefaultInputs(74, 34) = Empty
    vntDefaultInputs(74, 35) = ""fully automated""
    vntDefaultInputs(74, 36) = Empty
    vntDefaultInputs(74, 37) = Empty
    vntDefaultInputs(74, 38) = Empty
    vntDefaultInputs(74, 39) = Empty
    vntDefaultInputs(74, 40) = Empty
    vntDefaultInputs(74, 41) = Empty
    vntDefaultInputs(74, 42) = Empty
    vntDefaultInputs(74, 43) = Empty
    vntDefaultInputs(74, 44) = Empty
    vntDefaultInputs(74, 45) = Empty
    vntDefaultInputs(74, 46) = Empty
    vntDefaultInputs(75, 1) = 5
    vntDefaultInputs(75, 2) = 2
    vntDefaultInputs(75, 3) = 2
    vntDefaultInputs(75, 4) = 0.124
    vntDefaultInputs(75, 5) = ""MGD""
    vntDefaultInputs(75, 6) = 0.035
    vntDefaultInputs(75, 7) = ""MGD""
    vntDefaultInputs(75, 8) = ""regeneration off-site (non-hazardous)""
    vntDefaultInputs(75, 9) = ""carbon life value- bed volumes""
    vntDefaultInputs(75, 10) = 7100
    vntDefaultInputs(75, 11) = Empty
    vntDefaultInputs(75, 12) = Empty
    vntDefaultInputs(75, 13) = Empty
    vntDefaultInputs(75, 14) = ""EBCT""
    vntDefaultInputs(75, 15) = 20
    vntDefaultInputs(75, 16) = Empty
    vntDefaultInputs(75, 17) = Empty
    vntDefaultInputs(75, 18) = Empty
    vntDefaultInputs(75, 19) = Empty
    vntDefaultInputs(75, 20) = Empty
    vntDefaultInputs(75, 21) = Empty
    vntDefaultInputs(75, 22) = Empty
    vntDefaultInputs(75, 23) = 6
    vntDefaultInputs(75, 24) = 6
    vntDefaultInputs(75, 25) = 3.2
    vntDefaultInputs(75, 26) = 168
    vntDefaultInputs(75, 27) = ""POTW""
    vntDefaultInputs(75, 28) = ""holding tank""
    vntDefaultInputs(75, 29) = ""manual transfer""
    vntDefaultInputs(75, 30) = ""non-hazardous""
    vntDefaultInputs(75, 31) = Empty
    vntDefaultInputs(75, 32) = Empty
    vntDefaultInputs(75, 33) = Empty
    vntDefaultInputs(75, 34) = Empty
    vntDefaultInputs(75, 35) = ""fully automated""
    vntDefaultInputs(75, 36) = Empty
    vntDefaultInputs(75, 37) = Empty
    vntDefaultInputs(75, 38) = Empty
    vntDefaultInputs(75, 39) = Empty
    vntDefaultInputs(75, 40) = Empty
    vntDefaultInputs(75, 41) = Empty
    vntDefaultInputs(75, 42) = Empty
    vntDefaultInputs(75, 43) = Empty
    vntDefaultInputs(75, 44) = Empty
    vntDefaultInputs(75, 45) = Empty
    vntDefaultInputs(75, 46) = Empty
    vntDefaultInputs(76, 1) = 5
    vntDefaultInputs(76, 2) = 2
    vntDefaultInputs(76, 3) = 3
    vntDefaultInputs(76, 4) = 0.305
    vntDefaultInputs(76, 5) = ""MGD""
    vntDefaultInputs(76, 6) = 0.094
    vntDefaultInputs(76, 7) = ""MGD""
    vntDefaultInputs(76, 8) = ""regeneration off-site (non-hazardous)""
    vntDefaultInputs(76, 9) = ""carbon life value- bed volumes""
    vntDefaultInputs(76, 10) = 7100
    vntDefaultInputs(76, 11) = Empty
    vntDefaultInputs(76, 12) = Empty
    vntDefaultInputs(76, 13) = Empty
    vntDefaultInputs(76, 14) = ""EBCT""
    vntDefaultInputs(76, 15) = 20
    vntDefaultInputs(76, 16) = Empty
    vntDefaultInputs(76, 17) = Empty
    vntDefaultInputs(76, 18) = Empty
    vntDefaultInputs(76, 19) = Empty
    vntDefaultInputs(76, 20) = Empty
    vntDefaultInputs(76, 21) = Empty
    vntDefaultInputs(76, 22) = Empty
    vntDefaultInputs(76, 23) = 7
    vntDefaultInputs(76, 24) = 7
    vntDefaultInputs(76, 25) = 5.8
    vntDefaultInputs(76, 26) = 168
    vntDefaultInputs(76, 27) = ""POTW""
    vntDefaultInputs(76, 28) = ""holding tank""
    vntDefaultInputs(76, 29) = ""manual transfer""
    vntDefaultInputs(76, 30) = ""non-hazardous""
    vntDefaultInputs(76, 31) = Empty
    vntDefaultInputs(76, 32) = Empty
    vntDefaultInputs(76, 33) = Empty
    vntDefaultInputs(76, 34) = Empty
    vntDefaultInputs(76, 35) = ""fully automated""
    vntDefaultInputs(76, 36) = Empty
    vntDefaultInputs(76, 37) = Empty
    vntDefaultInputs(76, 38) = Empty
    vntDefaultInputs(76, 39) = Empty
    vntDefaultInputs(76, 40) = Empty
    vntDefaultInputs(76, 41) = Empty
    vntDefaultInputs(76, 42) = Empty
    vntDefaultInputs(76, 43) = Empty
    vntDefaultInputs(76, 44) = Empty
    vntDefaultInputs(76, 45) = Empty
    vntDefaultInputs(76, 46) = Empty
    vntDefaultInputs(77, 1) = 5
    vntDefaultInputs(77, 2) = 2
    vntDefaultInputs(77, 3) = 4
    vntDefaultInputs(77, 4) = 0.74
    vntDefaultInputs(77, 5) = ""MGD""
    vntDefaultInputs(77, 6) = 0.251
    vntDefaultInputs(77, 7) = ""MGD""
    vntDefaultInputs(77, 8) = ""regeneration off-site (non-hazardous)""
    vntDefaultInputs(77, 9) = ""carbon life value- bed volumes""
    vntDefaultInputs(77, 10) = 7100
    vntDefaultInputs(77, 11) = Empty
    vntDefaultInputs(77, 12) = Empty
    vntDefaultInputs(77, 13) = Empty
    vntDefaultInputs(77, 14) = ""EBCT""
    vntDefaultInputs(77, 15) = 20
    vntDefaultInputs(77, 16) = Empty
    vntDefaultInputs(77, 17) = Empty
    vntDefaultInputs(77, 18) = Empty
    vntDefaultInputs(77, 19) = Empty
    vntDefaultInputs(77, 20) = Empty
    vntDefaultInputs(77, 21) = Empty
    vntDefaultInputs(77, 22) = Empty
    vntDefaultInputs(77, 23) = 11
    vntDefaultInputs(77, 24) = 11
    vntDefaultInputs(77, 25) = 5.7
    vntDefaultInputs(77, 26) = 168
    vntDefaultInputs(77, 27) = ""POTW""
    vntDefaultInputs(77, 28) = ""holding tank""
    vntDefaultInputs(77, 29) = ""manual transfer""
    vntDefaultInputs(77, 30) = ""non-hazardous""
    vntDefaultInputs(77, 31) = Empty
    vntDefaultInputs(77, 32) = Empty
    vntDefaultInputs(77, 33) = Empty
    vntDefaultInputs(77, 34) = Empty
    vntDefaultInputs(77, 35) = ""fully automated""
    vntDefaultInputs(77, 36) = Empty
    vntDefaultInputs(77, 37) = Empty
    vntDefaultInputs(77, 38) = Empty
    vntDefaultInputs(77, 39) = Empty
    vntDefaultInputs(77, 40) = Empty
    vntDefaultInputs(77, 41) = Empty
    vntDefaultInputs(77, 42) = Empty
    vntDefaultInputs(77, 43) = Empty
    vntDefaultInputs(77, 44) = Empty
    vntDefaultInputs(77, 45) = Empty
    vntDefaultInputs(77, 46) = Empty
    vntDefaultInputs(78, 1) = 5
    vntDefaultInputs(78, 2) = 2
    vntDefaultInputs(78, 3) = 5
    vntDefaultInputs(78, 4) = 2.152
    vntDefaultInputs(78, 5) = ""MGD""
    vntDefaultInputs(78, 6) = 0.819
    vntDefaultInputs(78, 7) = ""MGD""
    vntDefaultInputs(78, 8) = ""regeneration off-site (non-hazardous)""
    vntDefaultInputs(78, 9) = ""carbon life value- bed volumes""
    vntDefaultInputs(78, 10) = 7100
    vntDefaultInputs(78, 11) = Empty
    vntDefaultInputs(78, 12) = Empty
    vntDefaultInputs(78, 13) = Empty
    vntDefaultInputs(78, 14) = ""EBCT""
    vntDefaultInputs(78, 15) = 20
    vntDefaultInputs(78, 16) = Empty
    vntDefaultInputs(78, 17) = Empty
    vntDefaultInputs(78, 18) = Empty
    vntDefaultInputs(78, 19) = Empty
    vntDefaultInputs(78, 20) = Empty
    vntDefaultInputs(78, 21) = Empty
    vntDefaultInputs(78, 22) = Empty
    vntDefaultInputs(78, 23) = 10
    vntDefaultInputs(78, 24) = 10
    vntDefaultInputs(78, 25) = 8
    vntDefaultInputs(78, 26) = 168
    vntDefaultInputs(78, 27) = ""POTW""
    vntDefaultInputs(78, 28) = ""holding tank""
    vntDefaultInputs(78, 29) = ""manual transfer""
    vntDefaultInputs(78, 30) = ""non-hazardous""
    vntDefaultInputs(78, 31) = Empty
    vntDefaultInputs(78, 32) = Empty
    vntDefaultInputs(78, 33) = Empty
    vntDefaultInputs(78, 34) = Empty
    vntDefaultInputs(78, 35) = ""fully automated""
    vntDefaultInputs(78, 36) = Empty
    vntDefaultInputs(78, 37) = Empty
    vntDefaultInputs(78, 38) = Empty
    vntDefaultInputs(78, 39) = Empty
    vntDefaultInputs(78, 40) = Empty
    vntDefaultInputs(78, 41) = Empty
    vntDefaultInputs(78, 42) = Empty
    vntDefaultInputs(78, 43) = Empty
    vntDefaultInputs(78, 44) = Empty
    vntDefaultInputs(78, 45) = Empty
    vntDefaultInputs(78, 46) = Empty
    vntDefaultInputs(79, 1) = 5
    vntDefaultInputs(79, 2) = 2
    vntDefaultInputs(79, 3) = 6
    vntDefaultInputs(79, 4) = 7.365
    vntDefaultInputs(79, 5) = ""MGD""
    vntDefaultInputs(79, 6) = 3.2
    vntDefaultInputs(79, 7) = ""MGD""
    vntDefaultInputs(79, 8) = ""regeneration off-site (non-hazardous)""
    vntDefaultInputs(79, 9) = ""carbon life value- bed volumes""
    vntDefaultInputs(79, 10) = 7100
    vntDefaultInputs(79, 11) = Empty
    vntDefaultInputs(79, 12) = Empty
    vntDefaultInputs(79, 13) = Empty
    vntDefaultInputs(79, 14) = ""EBCT""
    vntDefaultInputs(79, 15) = 20
    vntDefaultInputs(79, 16) = Empty
    vntDefaultInputs(79, 17) = Empty
    vntDefaultInputs(79, 18) = Empty
    vntDefaultInputs(79, 19) = Empty
    vntDefaultInputs(79, 20) = Empty
    vntDefaultInputs(79, 21) = Empty
    vntDefaultInputs(79, 22) = Empty
    vntDefaultInputs(79, 23) = 17
    vntDefaultInputs(79, 24) = 17
    vntDefaultInputs(79, 25) = 7.9
    vntDefaultInputs(79, 26) = 168
    vntDefaultInputs(79, 27) = ""POTW""
    vntDefaultInputs(79, 28) = ""holding tank""
    vntDefaultInputs(79, 29) = ""eductors""
    vntDefaultInputs(79, 30) = ""non-hazardous""
    vntDefaultInputs(79, 31) = Empty
    vntDefaultInputs(79, 32) = Empty
    vntDefaultInputs(79, 33) = Empty
    vntDefaultInputs(79, 34) = Empty
    vntDefaultInputs(79, 35) = ""fully automated""
    vntDefaultInputs(79, 36) = Empty
    vntDefaultInputs(79, 37) = Empty
    vntDefaultInputs(79, 38) = Empty
    vntDefaultInputs(79, 39) = Empty
    vntDefaultInputs(79, 40) = Empty
    vntDefaultInputs(79, 41) = Empty
    vntDefaultInputs(79, 42) = Empty
    vntDefaultInputs(79, 43) = Empty
    vntDefaultInputs(79, 44) = Empty
    vntDefaultInputs(79, 45) = Empty
    vntDefaultInputs(79, 46) = Empty
    vntDefaultInputs(80, 1) = 5
    vntDefaultInputs(80, 2) = 2
    vntDefaultInputs(80, 3) = 7
    vntDefaultInputs(80, 4) = 22.614
    vntDefaultInputs(80, 5) = ""MGD""
    vntDefaultInputs(80, 6) = 11.066
    vntDefaultInputs(80, 7) = ""MGD""
    vntDefaultInputs(80, 8) = ""regeneration off-site (non-hazardous)""
    vntDefaultInputs(80, 9) = ""carbon life value- bed volumes""
    vntDefaultInputs(80, 10) = 7100
    vntDefaultInputs(80, 11) = Empty
    vntDefaultInputs(80, 12) = Empty
    vntDefaultInputs(80, 13) = Empty
    vntDefaultInputs(80, 14) = ""EBCT""
    vntDefaultInputs(80, 15) = 20
    vntDefaultInputs(80, 16) = Empty
    vntDefaultInputs(80, 17) = Empty
    vntDefaultInputs(80, 18) = Empty
    vntDefaultInputs(80, 19) = Empty
    vntDefaultInputs(80, 20) = Empty
    vntDefaultInputs(80, 21) = Empty
    vntDefaultInputs(80, 22) = Empty
    vntDefaultInputs(80, 23) = 21
    vntDefaultInputs(80, 24) = 21
    vntDefaultInputs(80, 25) = 8
    vntDefaultInputs(80, 26) = 168
    vntDefaultInputs(80, 27) = ""POTW""
    vntDefaultInputs(80, 28) = ""holding tank""
    vntDefaultInputs(80, 29) = ""eductors""
    vntDefaultInputs(80, 30) = ""non-hazardous""
    vntDefaultInputs(80, 31) = Empty
    vntDefaultInputs(80, 32) = Empty
    vntDefaultInputs(80, 33) = Empty
    vntDefaultInputs(80, 34) = Empty
    vntDefaultInputs(80, 35) = ""fully automated""
    vntDefaultInputs(80, 36) = Empty
    vntDefaultInputs(80, 37) = Empty
    vntDefaultInputs(80, 38) = Empty
    vntDefaultInputs(80, 39) = Empty
    vntDefaultInputs(80, 40) = Empty
    vntDefaultInputs(80, 41) = Empty
    vntDefaultInputs(80, 42) = Empty
    vntDefaultInputs(80, 43) = Empty
    vntDefaultInputs(80, 44) = Empty
    vntDefaultInputs(80, 45) = Empty
    vntDefaultInputs(80, 46) = Empty
    vntDefaultInputs(81, 1) = 5
    vntDefaultInputs(81, 2) = 2
    vntDefaultInputs(81, 3) = 8
    vntDefaultInputs(81, 4) = 75.072
    vntDefaultInputs(81, 5) = ""MGD""
    vntDefaultInputs(81, 6) = 37.536
    vntDefaultInputs(81, 7) = ""MGD""
    vntDefaultInputs(81, 8) = ""regeneration off-site (non-hazardous)""
    vntDefaultInputs(81, 9) = ""carbon life value- bed volumes""
    vntDefaultInputs(81, 10) = 7100
    vntDefaultInputs(81, 11) = Empty
    vntDefaultInputs(81, 12) = Empty
    vntDefaultInputs(81, 13) = Empty
    vntDefaultInputs(81, 14) = ""EBCT""
    vntDefaultInputs(81, 15) = 20
    vntDefaultInputs(81, 16) = Empty
    vntDefaultInputs(81, 17) = Empty
    vntDefaultInputs(81, 18) = Empty
    vntDefaultInputs(81, 19) = Empty
    vntDefaultInputs(81, 20) = Empty
    vntDefaultInputs(81, 21) = Empty
    vntDefaultInputs(81, 22) = Empty
    vntDefaultInputs(81, 23) = 30
    vntDefaultInputs(81, 24) = 30
    vntDefaultInputs(81, 25) = 9.7
    vntDefaultInputs(81, 26) = 168
    vntDefaultInputs(81, 27) = ""POTW""
    vntDefaultInputs(81, 28) = ""holding tank""
    vntDefaultInputs(81, 29) = ""eductors""
    vntDefaultInputs(81, 30) = ""non-hazardous""
    vntDefaultInputs(81, 31) = Empty
    vntDefaultInputs(81, 32) = Empty
    vntDefaultInputs(81, 33) = Empty
    vntDefaultInputs(81, 34) = Empty
    vntDefaultInputs(81, 35) = ""fully automated""
    vntDefaultInputs(81, 36) = Empty
    vntDefaultInputs(81, 37) = Empty
    vntDefaultInputs(81, 38) = Empty
    vntDefaultInputs(81, 39) = Empty
    vntDefaultInputs(81, 40) = Empty
    vntDefaultInputs(81, 41) = Empty
    vntDefaultInputs(81, 42) = Empty
    vntDefaultInputs(81, 43) = Empty
    vntDefaultInputs(81, 44) = Empty
    vntDefaultInputs(81, 45) = Empty
    vntDefaultInputs(81, 46) = Empty
    vntDefaultInputs(82, 1) = 6
    vntDefaultInputs(82, 2) = 1
    vntDefaultInputs(82, 3) = 1
    vntDefaultInputs(82, 4) = 0.03
    vntDefaultInputs(82, 5) = ""MGD""
    vntDefaultInputs(82, 6) = 0.007
    vntDefaultInputs(82, 7) = ""MGD""
    vntDefaultInputs(82, 8) = ""regeneration off-site (non-hazardous)""
    vntDefaultInputs(82, 9) = ""carbon life value- bed volumes""
    vntDefaultInputs(82, 10) = 66600
    vntDefaultInputs(82, 11) = Empty
    vntDefaultInputs(82, 12) = Empty
    vntDefaultInputs(82, 13) = Empty
    vntDefaultInputs(82, 14) = ""EBCT""
    vntDefaultInputs(82, 15) = 7.5
    vntDefaultInputs(82, 16) = Empty
    vntDefaultInputs(82, 17) = Empty
    vntDefaultInputs(82, 18) = 1
    vntDefaultInputs(82, 19) = 3.4
    vntDefaultInputs(82, 20) = ""upright""
    vntDefaultInputs(82, 21) = 6
    vntDefaultInputs(82, 22) = 2
    vntDefaultInputs(82, 23) = Empty
    vntDefaultInputs(82, 24) = Empty
    vntDefaultInputs(82, 25) = Empty
    vntDefaultInputs(82, 26) = 168
    vntDefaultInputs(82, 27) = ""POTW""
    vntDefaultInputs(82, 28) = ""no holding tank""
    vntDefaultInputs(82, 29) = ""manual transfer""
    vntDefaultInputs(82, 30) = Empty
    vntDefaultInputs(82, 31) = Empty
    vntDefaultInputs(82, 32) = 0
    vntDefaultInputs(82, 33) = Empty
    vntDefaultInputs(82, 34) = Empty
    vntDefaultInputs(82, 35) = ""fully automated""
    vntDefaultInputs(82, 36) = Empty
    vntDefaultInputs(82, 37) = Empty
    vntDefaultInputs(82, 38) = Empty
    vntDefaultInputs(82, 39) = Empty
    vntDefaultInputs(82, 40) = Empty
    vntDefaultInputs(82, 41) = Empty
    vntDefaultInputs(82, 42) = Empty
    vntDefaultInputs(82, 43) = Empty
    vntDefaultInputs(82, 44) = Empty
    vntDefaultInputs(82, 45) = Empty
    vntDefaultInputs(82, 46) = Empty
    vntDefaultInputs(83, 1) = 6
    vntDefaultInputs(83, 2) = 1
    vntDefaultInputs(83, 3) = 2
    vntDefaultInputs(83, 4) = 0.124
    vntDefaultInputs(83, 5) = ""MGD""
    vntDefaultInputs(83, 6) = 0.035
    vntDefaultInputs(83, 7) = ""MGD""
    vntDefaultInputs(83, 8) = ""regeneration off-site (non-hazardous)""
    vntDefaultInputs(83, 9) = ""carbon life value- bed volumes""
    vntDefaultInputs(83, 10) = 66600
    vntDefaultInputs(83, 11) = Empty
    vntDefaultInputs(83, 12) = Empty
    vntDefaultInputs(83, 13) = Empty
    vntDefaultInputs(83, 14) = ""EBCT""
    vntDefaultInputs(83, 15) = 7.5
    vntDefaultInputs(83, 16) = Empty
    vntDefaultInputs(83, 17) = Empty
    vntDefaultInputs(83, 18) = 1
    vntDefaultInputs(83, 19) = 6.9
    vntDefaultInputs(83, 20) = ""upright""
    vntDefaultInputs(83, 21) = 11
    vntDefaultInputs(83, 22) = 4
    vntDefaultInputs(83, 23) = Empty
    vntDefaultInputs(83, 24) = Empty
    vntDefaultInputs(83, 25) = Empty
    vntDefaultInputs(83, 26) = 168
    vntDefaultInputs(83, 27) = ""POTW""
    vntDefaultInputs(83, 28) = ""Holding tank""
    vntDefaultInputs(83, 29) = ""manual transfer""
    vntDefaultInputs(83, 30) = ""non-hazardous""
    vntDefaultInputs(83, 31) = Empty
    vntDefaultInputs(83, 32) = 0
    vntDefaultInputs(83, 33) = Empty
    vntDefaultInputs(83, 34) = Empty
    vntDefaultInputs(83, 35) = ""fully automated""
    vntDefaultInputs(83, 36) = Empty
    vntDefaultInputs(83, 37) = Empty
    vntDefaultInputs(83, 38) = Empty
    vntDefaultInputs(83, 39) = Empty
    vntDefaultInputs(83, 40) = Empty
    vntDefaultInputs(83, 41) = Empty
    vntDefaultInputs(83, 42) = Empty
    vntDefaultInputs(83, 43) = Empty
    vntDefaultInputs(83, 44) = Empty
    vntDefaultInputs(83, 45) = Empty
    vntDefaultInputs(83, 46) = Empty
    vntDefaultInputs(84, 1) = 6
    vntDefaultInputs(84, 2) = 1
    vntDefaultInputs(84, 3) = 3
    vntDefaultInputs(84, 4) = 0.305
    vntDefaultInputs(84, 5) = ""MGD""
    vntDefaultInputs(84, 6) = 0.094
    vntDefaultInputs(84, 7) = ""MGD""
    vntDefaultInputs(84, 8) = ""regeneration off-site (non-hazardous)""
    vntDefaultInputs(84, 9) = ""carbon life value- bed volumes""
    vntDefaultInputs(84, 10) = 66600
    vntDefaultInputs(84, 11) = Empty
    vntDefaultInputs(84, 12) = Empty
    vntDefaultInputs(84, 13) = Empty
    vntDefaultInputs(84, 14) = ""EBCT""
    vntDefaultInputs(84, 15) = 7.5
    vntDefaultInputs(84, 16) = Empty
    vntDefaultInputs(84, 17) = Empty
    vntDefaultInputs(84, 18) = 1
    vntDefaultInputs(84, 19) = 6.7
    vntDefaultInputs(84, 20) = ""upright""
    vntDefaultInputs(84, 21) = 11
    vntDefaultInputs(84, 22) = 4.5
    vntDefaultInputs(84, 23) = Empty
    vntDefaultInputs(84, 24) = Empty
    vntDefaultInputs(84, 25) = Empty
    vntDefaultInputs(84, 26) = 168
    vntDefaultInputs(84, 27) = ""POTW""
    vntDefaultInputs(84, 28) = ""Holding tank""
    vntDefaultInputs(84, 29) = ""manual transfer""
    vntDefaultInputs(84, 30) = ""non-hazardous""
    vntDefaultInputs(84, 31) = Empty
    vntDefaultInputs(84, 32) = 0
    vntDefaultInputs(84, 33) = Empty
    vntDefaultInputs(84, 34) = Empty
    vntDefaultInputs(84, 35) = ""fully automated""
    vntDefaultInputs(84, 36) = Empty
    vntDefaultInputs(84, 37) = Empty
    vntDefaultInputs(84, 38) = Empty
    vntDefaultInputs(84, 39) = Empty
    vntDefaultInputs(84, 40) = Empty
    vntDefaultInputs(84, 41) = Empty
    vntDefaultInputs(84, 42) = Empty
    vntDefaultInputs(84, 43) = Empty
    vntDefaultInputs(84, 44) = Empty
    vntDefaultInputs(84, 45) = Empty
    vntDefaultInputs(84, 46) = Empty
    vntDefaultInputs(85, 1) = 6
    vntDefaultInputs(85, 2) = 1
    vntDefaultInputs(85, 3) = 4
    vntDefaultInputs(85, 4) = 0.74
    vntDefaultInputs(85, 5) = ""MGD""
    vntDefaultInputs(85, 6) = 0.251
    vntDefaultInputs(85, 7) = ""MGD""
    vntDefaultInputs(85, 8) = ""regeneration off-site (non-hazardous)""
    vntDefaultInputs(85, 9) = ""carbon life value- bed volumes""
    vntDefaultInputs(85, 10) = 66600
    vntDefaultInputs(85, 11) = Empty
    vntDefaultInputs(85, 12) = Empty
    vntDefaultInputs(85, 13) = Empty
    vntDefaultInputs(85, 14) = ""EBCT""
    vntDefaultInputs(85, 15) = 7.5
    vntDefaultInputs(85, 16) = Empty
    vntDefaultInputs(85, 17) = Empty
    vntDefaultInputs(85, 18) = 1
    vntDefaultInputs(85, 19) = 6.7
    vntDefaultInputs(85, 20) = ""upright""
    vntDefaultInputs(85, 21) = 11
    vntDefaultInputs(85, 22) = 7
    vntDefaultInputs(85, 23) = Empty
    vntDefaultInputs(85, 24) = Empty
    vntDefaultInputs(85, 25) = Empty
    vntDefaultInputs(85, 26) = 168
    vntDefaultInputs(85, 27) = ""POTW""
    vntDefaultInputs(85, 28) = ""Holding tank""
    vntDefaultInputs(85, 29) = ""manual transfer""
    vntDefaultInputs(85, 30) = ""non-hazardous""
    vntDefaultInputs(85, 31) = Empty
    vntDefaultInputs(85, 32) = 0
    vntDefaultInputs(85, 33) = Empty
    vntDefaultInputs(85, 34) = Empty
    vntDefaultInputs(85, 35) = ""fully automated""
    vntDefaultInputs(85, 36) = Empty
    vntDefaultInputs(85, 37) = Empty
    vntDefaultInputs(85, 38) = Empty
    vntDefaultInputs(85, 39) = Empty
    vntDefaultInputs(85, 40) = Empty
    vntDefaultInputs(85, 41) = Empty
    vntDefaultInputs(85, 42) = Empty
    vntDefaultInputs(85, 43) = Empty
    vntDefaultInputs(85, 44) = Empty
    vntDefaultInputs(85, 45) = Empty
    vntDefaultInputs(85, 46) = Empty
    vntDefaultInputs(86, 1) = 6
    vntDefaultInputs(86, 2) = 1
    vntDefaultInputs(86, 3) = 5
    vntDefaultInputs(86, 4) = 2.152
    vntDefaultInputs(86, 5) = ""MGD""
    vntDefaultInputs(86, 6) = 0.819
    vntDefaultInputs(86, 7) = ""MGD""
    vntDefaultInputs(86, 8) = ""regeneration off-site (non-hazardous)""
    vntDefaultInputs(86, 9) = ""carbon life value- bed volumes""
    vntDefaultInputs(86, 10) = 66600
    vntDefaultInputs(86, 11) = Empty
    vntDefaultInputs(86, 12) = Empty
    vntDefaultInputs(86, 13) = Empty
    vntDefaultInputs(86, 14) = ""EBCT""
    vntDefaultInputs(86, 15) = 7.5
    vntDefaultInputs(86, 16) = Empty
    vntDefaultInputs(86, 17) = Empty
    vntDefaultInputs(86, 18) = 1
    vntDefaultInputs(86, 19) = 6.7
    vntDefaultInputs(86, 20) = ""upright""
    vntDefaultInputs(86, 21) = 11
    vntDefaultInputs(86, 22) = 8.5
    vntDefaultInputs(86, 23) = Empty
    vntDefaultInputs(86, 24) = Empty
    vntDefaultInputs(86, 25) = Empty
    vntDefaultInputs(86, 26) = 168
    vntDefaultInputs(86, 27) = ""POTW""
    vntDefaultInputs(86, 28) = ""Holding tank""
    vntDefaultInputs(86, 29) = ""manual transfer""
    vntDefaultInputs(86, 30) = ""non-hazardous""
    vntDefaultInputs(86, 31) = Empty
    vntDefaultInputs(86, 32) = 0
    vntDefaultInputs(86, 33) = Empty
    vntDefaultInputs(86, 34) = Empty
    vntDefaultInputs(86, 35) = ""fully automated""
    vntDefaultInputs(86, 36) = Empty
    vntDefaultInputs(86, 37) = Empty
    vntDefaultInputs(86, 38) = Empty
    vntDefaultInputs(86, 39) = Empty
    vntDefaultInputs(86, 40) = Empty
    vntDefaultInputs(86, 41) = Empty
    vntDefaultInputs(86, 42) = Empty
    vntDefaultInputs(86, 43) = Empty
    vntDefaultInputs(86, 44) = Empty
    vntDefaultInputs(86, 45) = Empty
    vntDefaultInputs(86, 46) = Empty
    vntDefaultInputs(87, 1) = 6
    vntDefaultInputs(87, 2) = 1
    vntDefaultInputs(87, 3) = 6
    vntDefaultInputs(87, 4) = 7.365
    vntDefaultInputs(87, 5) = ""MGD""
    vntDefaultInputs(87, 6) = 3.2
    vntDefaultInputs(87, 7) = ""MGD""
    vntDefaultInputs(87, 8) = ""regeneration off-site (non-hazardous)""
    vntDefaultInputs(87, 9) = ""carbon life value- bed volumes""
    vntDefaultInputs(87, 10) = 66600
    vntDefaultInputs(87, 11) = Empty
    vntDefaultInputs(87, 12) = Empty
    vntDefaultInputs(87, 13) = Empty
    vntDefaultInputs(87, 14) = ""EBCT""
    vntDefaultInputs(87, 15) = 7.5
    vntDefaultInputs(87, 16) = Empty
    vntDefaultInputs(87, 17) = Empty
    vntDefaultInputs(87, 18) = 1
    vntDefaultInputs(87, 19) = 6.8
    vntDefaultInputs(87, 20) = ""upright""
    vntDefaultInputs(87, 21) = 11
    vntDefaultInputs(87, 22) = 11
    vntDefaultInputs(87, 23) = Empty
    vntDefaultInputs(87, 24) = Empty
    vntDefaultInputs(87, 25) = Empty
    vntDefaultInputs(87, 26) = 168
    vntDefaultInputs(87, 27) = ""POTW""
    vntDefaultInputs(87, 28) = ""Holding tank""
    vntDefaultInputs(87, 29) = ""eductors""
    vntDefaultInputs(87, 30) = ""non-hazardous""
    vntDefaultInputs(87, 31) = Empty
    vntDefaultInputs(87, 32) = 0
    vntDefaultInputs(87, 33) = Empty
    vntDefaultInputs(87, 34) = Empty
    vntDefaultInputs(87, 35) = ""fully automated""
    vntDefaultInputs(87, 36) = Empty
    vntDefaultInputs(87, 37) = Empty
    vntDefaultInputs(87, 38) = Empty
    vntDefaultInputs(87, 39) = Empty
    vntDefaultInputs(87, 40) = Empty
    vntDefaultInputs(87, 41) = Empty
    vntDefaultInputs(87, 42) = Empty
    vntDefaultInputs(87, 43) = Empty
    vntDefaultInputs(87, 44) = Empty
    vntDefaultInputs(87, 45) = Empty
    vntDefaultInputs(87, 46) = Empty
    vntDefaultInputs(88, 1) = 6
    vntDefaultInputs(88, 2) = 1
    vntDefaultInputs(88, 3) = 7
    vntDefaultInputs(88, 4) = 22.614
    vntDefaultInputs(88, 5) = ""MGD""
    vntDefaultInputs(88, 6) = 11.066
    vntDefaultInputs(88, 7) = ""MGD""
    vntDefaultInputs(88, 8) = ""regeneration off-site (non-hazardous)""
    vntDefaultInputs(88, 9) = ""carbon life value- bed volumes""
    vntDefaultInputs(88, 10) = 66600
    vntDefaultInputs(88, 11) = Empty
    vntDefaultInputs(88, 12) = Empty
    vntDefaultInputs(88, 13) = Empty
    vntDefaultInputs(88, 14) = ""EBCT""
    vntDefaultInputs(88, 15) = 7.5
    vntDefaultInputs(88, 16) = Empty
    vntDefaultInputs(88, 17) = Empty
    vntDefaultInputs(88, 18) = 1
    vntDefaultInputs(88, 19) = 7.1
    vntDefaultInputs(88, 20) = ""horizontal""
    vntDefaultInputs(88, 21) = 20
    vntDefaultInputs(88, 22) = 14
    vntDefaultInputs(88, 23) = Empty
    vntDefaultInputs(88, 24) = Empty
    vntDefaultInputs(88, 25) = Empty
    vntDefaultInputs(88, 26) = 168
    vntDefaultInputs(88, 27) = ""POTW""
    vntDefaultInputs(88, 28) = ""Holding tank""
    vntDefaultInputs(88, 29) = ""eductors""
    vntDefaultInputs(88, 30) = ""non-hazardous""
    vntDefaultInputs(88, 31) = Empty
    vntDefaultInputs(88, 32) = 0
    vntDefaultInputs(88, 33) = Empty
    vntDefaultInputs(88, 34) = Empty
    vntDefaultInputs(88, 35) = ""fully automated""
    vntDefaultInputs(88, 36) = Empty
    vntDefaultInputs(88, 37) = Empty
    vntDefaultInputs(88, 38) = Empty
    vntDefaultInputs(88, 39) = Empty
    vntDefaultInputs(88, 40) = Empty
    vntDefaultInputs(88, 41) = Empty
    vntDefaultInputs(88, 42) = Empty
    vntDefaultInputs(88, 43) = Empty
    vntDefaultInputs(88, 44) = Empty
    vntDefaultInputs(88, 45) = Empty
    vntDefaultInputs(88, 46) = Empty
    vntDefaultInputs(89, 1) = 6
    vntDefaultInputs(89, 2) = 1
    vntDefaultInputs(89, 3) = 8
    vntDefaultInputs(89, 4) = 75.072
    vntDefaultInputs(89, 5) = ""MGD""
    vntDefaultInputs(89, 6) = 37.536
    vntDefaultInputs(89, 7) = ""MGD""
    vntDefaultInputs(89, 8) = ""regeneration off-site (non-hazardous)""
    vntDefaultInputs(89, 9) = ""carbon life value- bed volumes""
    vntDefaultInputs(89, 10) = 66600
    vntDefaultInputs(89, 11) = Empty
    vntDefaultInputs(89, 12) = Empty
    vntDefaultInputs(89, 13) = Empty
    vntDefaultInputs(89, 14) = ""EBCT""
    vntDefaultInputs(89, 15) = 7.5
    vntDefaultInputs(89, 16) = Empty
    vntDefaultInputs(89, 17) = Empty
    vntDefaultInputs(89, 18) = 1
    vntDefaultInputs(89, 19) = 7.2
    vntDefaultInputs(89, 20) = ""horizontal""
    vntDefaultInputs(89, 21) = 20
    vntDefaultInputs(89, 22) = 14
    vntDefaultInputs(89, 23) = Empty
    vntDefaultInputs(89, 24) = Empty
    vntDefaultInputs(89, 25) = Empty
    vntDefaultInputs(89, 26) = 168
    vntDefaultInputs(89, 27) = ""POTW""
    vntDefaultInputs(89, 28) = ""Holding tank""
    vntDefaultInputs(89, 29) = ""eductors""
    vntDefaultInputs(89, 30) = ""non-hazardous""
    vntDefaultInputs(89, 31) = Empty
    vntDefaultInputs(89, 32) = 0
    vntDefaultInputs(89, 33) = Empty
    vntDefaultInputs(89, 34) = Empty
    vntDefaultInputs(89, 35) = ""fully automated""
    vntDefaultInputs(89, 36) = Empty
    vntDefaultInputs(89, 37) = Empty
    vntDefaultInputs(89, 38) = Empty
    vntDefaultInputs(89, 39) = Empty
    vntDefaultInputs(89, 40) = Empty
    vntDefaultInputs(89, 41) = Empty
    vntDefaultInputs(89, 42) = Empty
    vntDefaultInputs(89, 43) = Empty
    vntDefaultInputs(89, 44) = Empty
    vntDefaultInputs(89, 45) = Empty
    vntDefaultInputs(89, 46) = Empty
    vntDefaultInputs(90, 1) = 6
    vntDefaultInputs(90, 2) = 2
    vntDefaultInputs(90, 3) = 1
    vntDefaultInputs(90, 4) = 0.03
    vntDefaultInputs(90, 5) = ""MGD""
    vntDefaultInputs(90, 6) = 0.007
    vntDefaultInputs(90, 7) = ""MGD""
    vntDefaultInputs(90, 8) = ""regeneration off-site (non-hazardous)""
    vntDefaultInputs(90, 9) = ""carbon life value- bed volumes""
    vntDefaultInputs(90, 10) = 66600
    vntDefaultInputs(90, 11) = Empty
    vntDefaultInputs(90, 12) = Empty
    vntDefaultInputs(90, 13) = Empty
    vntDefaultInputs(90, 14) = ""EBCT""
    vntDefaultInputs(90, 15) = 7.5
    vntDefaultInputs(90, 16) = Empty
    vntDefaultInputs(90, 17) = Empty
    vntDefaultInputs(90, 18) = Empty
    vntDefaultInputs(90, 19) = Empty
    vntDefaultInputs(90, 20) = Empty
    vntDefaultInputs(90, 21) = Empty
    vntDefaultInputs(90, 22) = Empty
    vntDefaultInputs(90, 23) = 6
    vntDefaultInputs(90, 24) = 6
    vntDefaultInputs(90, 25) = 3
    vntDefaultInputs(90, 26) = 168
    vntDefaultInputs(90, 27) = ""POTW""
    vntDefaultInputs(90, 28) = ""holding tank""
    vntDefaultInputs(90, 29) = ""manual transfer""
    vntDefaultInputs(90, 30) = ""non-hazardous""
    vntDefaultInputs(90, 31) = Empty
    vntDefaultInputs(90, 32) = Empty
    vntDefaultInputs(90, 33) = Empty
    vntDefaultInputs(90, 34) = Empty
    vntDefaultInputs(90, 35) = ""fully automated""
    vntDefaultInputs(90, 36) = Empty
    vntDefaultInputs(90, 37) = Empty
    vntDefaultInputs(90, 38) = Empty
    vntDefaultInputs(90, 39) = Empty
    vntDefaultInputs(90, 40) = Empty
    vntDefaultInputs(90, 41) = Empty
    vntDefaultInputs(90, 42) = Empty
    vntDefaultInputs(90, 43) = Empty
    vntDefaultInputs(90, 44) = Empty
    vntDefaultInputs(90, 45) = Empty
    vntDefaultInputs(90, 46) = Empty
    vntDefaultInputs(91, 1) = 6
    vntDefaultInputs(91, 2) = 2
    vntDefaultInputs(91, 3) = 2
    vntDefaultInputs(91, 4) = 0.124
    vntDefaultInputs(91, 5) = ""MGD""
    vntDefaultInputs(91, 6) = 0.035
    vntDefaultInputs(91, 7) = ""MGD""
    vntDefaultInputs(91, 8) = ""regeneration off-site (non-hazardous)""
    vntDefaultInputs(91, 9) = ""carbon life value- bed volumes""
    vntDefaultInputs(91, 10) = 66600
    vntDefaultInputs(91, 11) = Empty
    vntDefaultInputs(91, 12) = Empty
    vntDefaultInputs(91, 13) = Empty
    vntDefaultInputs(91, 14) = ""EBCT""
    vntDefaultInputs(91, 15) = 7.5
    vntDefaultInputs(91, 16) = Empty
    vntDefaultInputs(91, 17) = Empty
    vntDefaultInputs(91, 18) = Empty
    vntDefaultInputs(91, 19) = Empty
    vntDefaultInputs(91, 20) = Empty
    vntDefaultInputs(91, 21) = Empty
    vntDefaultInputs(91, 22) = Empty
    vntDefaultInputs(91, 23) = 6
    vntDefaultInputs(91, 24) = 6
    vntDefaultInputs(91, 25) = 3
    vntDefaultInputs(91, 26) = 168
    vntDefaultInputs(91, 27) = ""POTW""
    vntDefaultInputs(91, 28) = ""holding tank""
    vntDefaultInputs(91, 29) = ""manual transfer""
    vntDefaultInputs(91, 30) = ""non-hazardous""
    vntDefaultInputs(91, 31) = Empty
    vntDefaultInputs(91, 32) = Empty
    vntDefaultInputs(91, 33) = Empty
    vntDefaultInputs(91, 34) = Empty
    vntDefaultInputs(91, 35) = ""fully automated""
    vntDefaultInputs(91, 36) = Empty
    vntDefaultInputs(91, 37) = Empty
    vntDefaultInputs(91, 38) = Empty
    vntDefaultInputs(91, 39) = Empty
    vntDefaultInputs(91, 40) = Empty
    vntDefaultInputs(91, 41) = Empty
    vntDefaultInputs(91, 42) = Empty
    vntDefaultInputs(91, 43) = Empty
    vntDefaultInputs(91, 44) = Empty
    vntDefaultInputs(91, 45) = Empty
    vntDefaultInputs(91, 46) = Empty
    vntDefaultInputs(92, 1) = 6
    vntDefaultInputs(92, 2) = 2
    vntDefaultInputs(92, 3) = 3
    vntDefaultInputs(92, 4) = 0.305
    vntDefaultInputs(92, 5) = ""MGD""
    vntDefaultInputs(92, 6) = 0.094
    vntDefaultInputs(92, 7) = ""MGD""
    vntDefaultInputs(92, 8) = ""regeneration off-site (non-hazardous)""
    vntDefaultInputs(92, 9) = ""carbon life value- bed volumes""
    vntDefaultInputs(92, 10) = 66600
    vntDefaultInputs(92, 11) = Empty
    vntDefaultInputs(92, 12) = Empty
    vntDefaultInputs(92, 13) = Empty
    vntDefaultInputs(92, 14) = ""EBCT""
    vntDefaultInputs(92, 15) = 7.5
    vntDefaultInputs(92, 16) = Empty
    vntDefaultInputs(92, 17) = Empty
    vntDefaultInputs(92, 18) = Empty
    vntDefaultInputs(92, 19) = Empty
    vntDefaultInputs(92, 20) = Empty
    vntDefaultInputs(92, 21) = Empty
    vntDefaultInputs(92, 22) = Empty
    vntDefaultInputs(92, 23) = 6
    vntDefaultInputs(92, 24) = 6
    vntDefaultInputs(92, 25) = 3
    vntDefaultInputs(92, 26) = 168
    vntDefaultInputs(92, 27) = ""POTW""
    vntDefaultInputs(92, 28) = ""holding tank""
    vntDefaultInputs(92, 29) = ""manual transfer""
    vntDefaultInputs(92, 30) = ""non-hazardous""
    vntDefaultInputs(92, 31) = Empty
    vntDefaultInputs(92, 32) = Empty
    vntDefaultInputs(92, 33) = Empty
    vntDefaultInputs(92, 34) = Empty
    vntDefaultInputs(92, 35) = ""fully automated""
    vntDefaultInputs(92, 36) = Empty
    vntDefaultInputs(92, 37) = Empty
    vntDefaultInputs(92, 38) = Empty
    vntDefaultInputs(92, 39) = Empty
    vntDefaultInputs(92, 40) = Empty
    vntDefaultInputs(92, 41) = Empty
    vntDefaultInputs(92, 42) = Empty
    vntDefaultInputs(92, 43) = Empty
    vntDefaultInputs(92, 44) = Empty
    vntDefaultInputs(92, 45) = Empty
    vntDefaultInputs(92, 46) = Empty
    vntDefaultInputs(93, 1) = 6
    vntDefaultInputs(93, 2) = 2
    vntDefaultInputs(93, 3) = 4
    vntDefaultInputs(93, 4) = 0.74
    vntDefaultInputs(93, 5) = ""MGD""
    vntDefaultInputs(93, 6) = 0.251
    vntDefaultInputs(93, 7) = ""MGD""
    vntDefaultInputs(93, 8) = ""regeneration off-site (non-hazardous)""
    vntDefaultInputs(93, 9) = ""carbon life value- bed volumes""
    vntDefaultInputs(93, 10) = 66600
    vntDefaultInputs(93, 11) = Empty
    vntDefaultInputs(93, 12) = Empty
    vntDefaultInputs(93, 13) = Empty
    vntDefaultInputs(93, 14) = ""EBCT""
    vntDefaultInputs(93, 15) = 7.5
    vntDefaultInputs(93, 16) = Empty
    vntDefaultInputs(93, 17) = Empty
    vntDefaultInputs(93, 18) = Empty
    vntDefaultInputs(93, 19) = Empty
    vntDefaultInputs(93, 20) = Empty
    vntDefaultInputs(93, 21) = Empty
    vntDefaultInputs(93, 22) = Empty
    vntDefaultInputs(93, 23) = 7
    vntDefaultInputs(93, 24) = 7
    vntDefaultInputs(93, 25) = 5.3
    vntDefaultInputs(93, 26) = 168
    vntDefaultInputs(93, 27) = ""POTW""
    vntDefaultInputs(93, 28) = ""holding tank""
    vntDefaultInputs(93, 29) = ""manual transfer""
    vntDefaultInputs(93, 30) = ""non-hazardous""
    vntDefaultInputs(93, 31) = Empty
    vntDefaultInputs(93, 32) = Empty
    vntDefaultInputs(93, 33) = Empty
    vntDefaultInputs(93, 34) = Empty
    vntDefaultInputs(93, 35) = ""fully automated""
    vntDefaultInputs(93, 36) = Empty
    vntDefaultInputs(93, 37) = Empty
    vntDefaultInputs(93, 38) = Empty
    vntDefaultInputs(93, 39) = Empty
    vntDefaultInputs(93, 40) = Empty
    vntDefaultInputs(93, 41) = Empty
    vntDefaultInputs(93, 42) = Empty
    vntDefaultInputs(93, 43) = Empty
    vntDefaultInputs(93, 44) = Empty
    vntDefaultInputs(93, 45) = Empty
    vntDefaultInputs(93, 46) = Empty
    vntDefaultInputs(94, 1) = 6
    vntDefaultInputs(94, 2) = 2
    vntDefaultInputs(94, 3) = 5
    vntDefaultInputs(94, 4) = 2.152
    vntDefaultInputs(94, 5) = ""MGD""
    vntDefaultInputs(94, 6) = 0.819
    vntDefaultInputs(94, 7) = ""MGD""
    vntDefaultInputs(94, 8) = ""regeneration off-site (non-hazardous)""
    vntDefaultInputs(94, 9) = ""carbon life value- bed volumes""
    vntDefaultInputs(94, 10) = 66600
    vntDefaultInputs(94, 11) = Empty
    vntDefaultInputs(94, 12) = Empty
    vntDefaultInputs(94, 13) = Empty
    vntDefaultInputs(94, 14) = ""EBCT""
    vntDefaultInputs(94, 15) = 7.5
    vntDefaultInputs(94, 16) = Empty
    vntDefaultInputs(94, 17) = Empty
    vntDefaultInputs(94, 18) = Empty
    vntDefaultInputs(94, 19) = Empty
    vntDefaultInputs(94, 20) = Empty
    vntDefaultInputs(94, 21) = Empty
    vntDefaultInputs(94, 22) = Empty
    vntDefaultInputs(94, 23) = 8
    vntDefaultInputs(94, 24) = 8
    vntDefaultInputs(94, 25) = 7.9
    vntDefaultInputs(94, 26) = 168
    vntDefaultInputs(94, 27) = ""POTW""
    vntDefaultInputs(94, 28) = ""holding tank""
    vntDefaultInputs(94, 29) = ""manual transfer""
    vntDefaultInputs(94, 30) = ""non-hazardous""
    vntDefaultInputs(94, 31) = Empty
    vntDefaultInputs(94, 32) = Empty
    vntDefaultInputs(94, 33) = Empty
    vntDefaultInputs(94, 34) = Empty
    vntDefaultInputs(94, 35) = ""fully automated""
    vntDefaultInputs(94, 36) = Empty
    vntDefaultInputs(94, 37) = Empty
    vntDefaultInputs(94, 38) = Empty
    vntDefaultInputs(94, 39) = Empty
    vntDefaultInputs(94, 40) = Empty
    vntDefaultInputs(94, 41) = Empty
    vntDefaultInputs(94, 42) = Empty
    vntDefaultInputs(94, 43) = Empty
    vntDefaultInputs(94, 44) = Empty
    vntDefaultInputs(94, 45) = Empty
    vntDefaultInputs(94, 46) = Empty
    vntDefaultInputs(95, 1) = 6
    vntDefaultInputs(95, 2) = 2
    vntDefaultInputs(95, 3) = 6
    vntDefaultInputs(95, 4) = 7.365
    vntDefaultInputs(95, 5) = ""MGD""
    vntDefaultInputs(95, 6) = 3.2
    vntDefaultInputs(95, 7) = ""MGD""
    vntDefaultInputs(95, 8) = ""regeneration off-site (non-hazardous)""
    vntDefaultInputs(95, 9) = ""carbon life value- bed volumes""
    vntDefaultInputs(95, 10) = 66600
    vntDefaultInputs(95, 11) = Empty
    vntDefaultInputs(95, 12) = Empty
    vntDefaultInputs(95, 13) = Empty
    vntDefaultInputs(95, 14) = ""EBCT""
    vntDefaultInputs(95, 15) = 7.5
    vntDefaultInputs(95, 16) = Empty
    vntDefaultInputs(95, 17) = Empty
    vntDefaultInputs(95, 18) = Empty
    vntDefaultInputs(95, 19) = Empty
    vntDefaultInputs(95, 20) = Empty
    vntDefaultInputs(95, 21) = Empty
    vntDefaultInputs(95, 22) = Empty
    vntDefaultInputs(95, 23) = 11.5
    vntDefaultInputs(95, 24) = 11.5
    vntDefaultInputs(95, 25) = 7.8
    vntDefaultInputs(95, 26) = 168
    vntDefaultInputs(95, 27) = ""POTW""
    vntDefaultInputs(95, 28) = ""holding tank""
    vntDefaultInputs(95, 29) = ""eductors""
    vntDefaultInputs(95, 30) = ""non-hazardous""
    vntDefaultInputs(95, 31) = Empty
    vntDefaultInputs(95, 32) = Empty
    vntDefaultInputs(95, 33) = Empty
    vntDefaultInputs(95, 34) = Empty
    vntDefaultInputs(95, 35) = ""fully automated""
    vntDefaultInputs(95, 36) = Empty
    vntDefaultInputs(95, 37) = Empty
    vntDefaultInputs(95, 38) = Empty
    vntDefaultInputs(95, 39) = Empty
    vntDefaultInputs(95, 40) = Empty
    vntDefaultInputs(95, 41) = Empty
    vntDefaultInputs(95, 42) = Empty
    vntDefaultInputs(95, 43) = Empty
    vntDefaultInputs(95, 44) = Empty
    vntDefaultInputs(95, 45) = Empty
    vntDefaultInputs(95, 46) = Empty
    vntDefaultInputs(96, 1) = 6
    vntDefaultInputs(96, 2) = 2
    vntDefaultInputs(96, 3) = 7
    vntDefaultInputs(96, 4) = 22.614
    vntDefaultInputs(96, 5) = ""MGD""
    vntDefaultInputs(96, 6) = 11.066
    vntDefaultInputs(96, 7) = ""MGD""
    vntDefaultInputs(96, 8) = ""regeneration off-site (non-hazardous)""
    vntDefaultInputs(96, 9) = ""carbon life value- bed volumes""
    vntDefaultInputs(96, 10) = 66600
    vntDefaultInputs(96, 11) = Empty
    vntDefaultInputs(96, 12) = Empty
    vntDefaultInputs(96, 13) = Empty
    vntDefaultInputs(96, 14) = ""EBCT""
    vntDefaultInputs(96, 15) = 7.5
    vntDefaultInputs(96, 16) = Empty
    vntDefaultInputs(96, 17) = Empty
    vntDefaultInputs(96, 18) = Empty
    vntDefaultInputs(96, 19) = Empty
    vntDefaultInputs(96, 20) = Empty
    vntDefaultInputs(96, 21) = Empty
    vntDefaultInputs(96, 22) = Empty
    vntDefaultInputs(96, 23) = 15
    vntDefaultInputs(96, 24) = 15
    vntDefaultInputs(96, 25) = 7.8
    vntDefaultInputs(96, 26) = 168
    vntDefaultInputs(96, 27) = ""POTW""
    vntDefaultInputs(96, 28) = ""holding tank""
    vntDefaultInputs(96, 29) = ""eductors""
    vntDefaultInputs(96, 30) = ""non-hazardous""
    vntDefaultInputs(96, 31) = Empty
    vntDefaultInputs(96, 32) = Empty
    vntDefaultInputs(96, 33) = Empty
    vntDefaultInputs(96, 34) = Empty
    vntDefaultInputs(96, 35) = ""fully automated""
    vntDefaultInputs(96, 36) = Empty
    vntDefaultInputs(96, 37) = Empty
    vntDefaultInputs(96, 38) = Empty
    vntDefaultInputs(96, 39) = Empty
    vntDefaultInputs(96, 40) = Empty
    vntDefaultInputs(96, 41) = Empty
    vntDefaultInputs(96, 42) = Empty
    vntDefaultInputs(96, 43) = Empty
    vntDefaultInputs(96, 44) = Empty
    vntDefaultInputs(96, 45) = Empty
    vntDefaultInputs(96, 46) = Empty
    vntDefaultInputs(97, 1) = 6
    vntDefaultInputs(97, 2) = 2
    vntDefaultInputs(97, 3) = 8
    vntDefaultInputs(97, 4) = 75.072
    vntDefaultInputs(97, 5) = ""MGD""
    vntDefaultInputs(97, 6) = 37.536
    vntDefaultInputs(97, 7) = ""MGD""
    vntDefaultInputs(97, 8) = ""regeneration off-site (non-hazardous)""
    vntDefaultInputs(97, 9) = ""carbon life value- bed volumes""
    vntDefaultInputs(97, 10) = 66600
    vntDefaultInputs(97, 11) = Empty
    vntDefaultInputs(97, 12) = Empty
    vntDefaultInputs(97, 13) = Empty
    vntDefaultInputs(97, 14) = ""EBCT""
    vntDefaultInputs(97, 15) = 7.5
    vntDefaultInputs(97, 16) = Empty
    vntDefaultInputs(97, 17) = Empty
    vntDefaultInputs(97, 18) = Empty
    vntDefaultInputs(97, 19) = Empty
    vntDefaultInputs(97, 20) = Empty
    vntDefaultInputs(97, 21) = Empty
    vntDefaultInputs(97, 22) = Empty
    vntDefaultInputs(97, 23) = 21
    vntDefaultInputs(97, 24) = 21
    vntDefaultInputs(97, 25) = 8
    vntDefaultInputs(97, 26) = 168
    vntDefaultInputs(97, 27) = ""POTW""
    vntDefaultInputs(97, 28) = ""holding tank""
    vntDefaultInputs(97, 29) = ""eductors""
    vntDefaultInputs(97, 30) = ""non-hazardous""
    vntDefaultInputs(97, 31) = Empty
    vntDefaultInputs(97, 32) = Empty
    vntDefaultInputs(97, 33) = Empty
    vntDefaultInputs(97, 34) = Empty
    vntDefaultInputs(97, 35) = ""fully automated""
    vntDefaultInputs(97, 36) = Empty
    vntDefaultInputs(97, 37) = Empty
    vntDefaultInputs(97, 38) = Empty
    vntDefaultInputs(97, 39) = Empty
    vntDefaultInputs(97, 40) = Empty
    vntDefaultInputs(97, 41) = Empty
    vntDefaultInputs(97, 42) = Empty
    vntDefaultInputs(97, 43) = Empty
    vntDefaultInputs(97, 44) = Empty
    vntDefaultInputs(97, 45) = Empty
    vntDefaultInputs(97, 46) = Empty
    
    rngStdInputs1 = vntDefaultInputs
End Sub
    
Sub RestoreInputs3()
    Dim vntDefaultInputs(98 To 145, 1 To 46) As Variant
    Dim wsStdInputs As Worksheet
    Dim rngStdInputs1 As Range
    
  Set wsStdInputs = ThisWorkbook.Worksheets(STDIN_WSN)
Set rngStdInputs1 = wsStdInputs.Range(""A105"", ""AT152"")
    
    vntDefaultInputs(98, 1) = 7
    vntDefaultInputs(98, 2) = 1
    vntDefaultInputs(98, 3) = 1
    vntDefaultInputs(98, 4) = 0.03
    vntDefaultInputs(98, 5) = ""MGD""
    vntDefaultInputs(98, 6) = 0.007
    vntDefaultInputs(98, 7) = ""MGD""
    vntDefaultInputs(98, 8) = ""regeneration off-site (non-hazardous)""
    vntDefaultInputs(98, 9) = ""carbon life value- bed volumes""
    vntDefaultInputs(98, 10) = 95700
    vntDefaultInputs(98, 11) = Empty
    vntDefaultInputs(98, 12) = Empty
    vntDefaultInputs(98, 13) = Empty
    vntDefaultInputs(98, 14) = ""EBCT""
    vntDefaultInputs(98, 15) = 7.5
    vntDefaultInputs(98, 16) = Empty
    vntDefaultInputs(98, 17) = Empty
    vntDefaultInputs(98, 18) = 1
    vntDefaultInputs(98, 19) = 3.4
    vntDefaultInputs(98, 20) = ""upright""
    vntDefaultInputs(98, 21) = 6
    vntDefaultInputs(98, 22) = 2
    vntDefaultInputs(98, 23) = Empty
    vntDefaultInputs(98, 24) = Empty
    vntDefaultInputs(98, 25) = Empty
    vntDefaultInputs(98, 26) = 168
    vntDefaultInputs(98, 27) = ""POTW""
    vntDefaultInputs(98, 28) = ""no holding tank""
    vntDefaultInputs(98, 29) = ""manual transfer""
    vntDefaultInputs(98, 30) = Empty
    vntDefaultInputs(98, 31) = Empty
    vntDefaultInputs(98, 32) = 0
    vntDefaultInputs(98, 33) = Empty
    vntDefaultInputs(98, 34) = Empty
    vntDefaultInputs(98, 35) = ""fully automated""
    vntDefaultInputs(98, 36) = Empty
    vntDefaultInputs(98, 37) = Empty
    vntDefaultInputs(98, 38) = Empty
    vntDefaultInputs(98, 39) = Empty
    vntDefaultInputs(98, 40) = Empty
    vntDefaultInputs(98, 41) = Empty
    vntDefaultInputs(98, 42) = Empty
    vntDefaultInputs(98, 43) = Empty
    vntDefaultInputs(98, 44) = Empty
    vntDefaultInputs(98, 45) = Empty
    vntDefaultInputs(98, 46) = Empty
    vntDefaultInputs(99, 1) = 7
    vntDefaultInputs(99, 2) = 1
    vntDefaultInputs(99, 3) = 2
    vntDefaultInputs(99, 4) = 0.124
    vntDefaultInputs(99, 5) = ""MGD""
    vntDefaultInputs(99, 6) = 0.035
    vntDefaultInputs(99, 7) = ""MGD""
    vntDefaultInputs(99, 8) = ""regeneration off-site (non-hazardous)""
    vntDefaultInputs(99, 9) = ""carbon life value- bed volumes""
    vntDefaultInputs(99, 10) = 95700
    vntDefaultInputs(99, 11) = Empty
    vntDefaultInputs(99, 12) = Empty
    vntDefaultInputs(99, 13) = Empty
    vntDefaultInputs(99, 14) = ""EBCT""
    vntDefaultInputs(99, 15) = 7.5
    vntDefaultInputs(99, 16) = Empty
    vntDefaultInputs(99, 17) = Empty
    vntDefaultInputs(99, 18) = 1
    vntDefaultInputs(99, 19) = 6.9
    vntDefaultInputs(99, 20) = ""upright""
    vntDefaultInputs(99, 21) = 11
    vntDefaultInputs(99, 22) = 4
    vntDefaultInputs(99, 23) = Empty
    vntDefaultInputs(99, 24) = Empty
    vntDefaultInputs(99, 25) = Empty
    vntDefaultInputs(99, 26) = 168
    vntDefaultInputs(99, 27) = ""POTW""
    vntDefaultInputs(99, 28) = ""Holding tank""
    vntDefaultInputs(99, 29) = ""manual transfer""
    vntDefaultInputs(99, 30) = ""non-hazardous""
    vntDefaultInputs(99, 31) = Empty
    vntDefaultInputs(99, 32) = 0
    vntDefaultInputs(99, 33) = Empty
    vntDefaultInputs(99, 34) = Empty
    vntDefaultInputs(99, 35) = ""fully automated""
    vntDefaultInputs(99, 36) = Empty
    vntDefaultInputs(99, 37) = Empty
    vntDefaultInputs(99, 38) = Empty
    vntDefaultInputs(99, 39) = Empty
    vntDefaultInputs(99, 40) = Empty
    vntDefaultInputs(99, 41) = Empty
    vntDefaultInputs(99, 42) = Empty
    vntDefaultInputs(99, 43) = Empty
    vntDefaultInputs(99, 44) = Empty
    vntDefaultInputs(99, 45) = Empty
    vntDefaultInputs(99, 46) = Empty
    vntDefaultInputs(100, 1) = 7
    vntDefaultInputs(100, 2) = 1
    vntDefaultInputs(100, 3) = 3
    vntDefaultInputs(100, 4) = 0.305
    vntDefaultInputs(100, 5) = ""MGD""
    vntDefaultInputs(100, 6) = 0.094
    vntDefaultInputs(100, 7) = ""MGD""
    vntDefaultInputs(100, 8) = ""regeneration off-site (non-hazardous)""
    vntDefaultInputs(100, 9) = ""carbon life value- bed volumes""
    vntDefaultInputs(100, 10) = 95700
    vntDefaultInputs(100, 11) = Empty
    vntDefaultInputs(100, 12) = Empty
    vntDefaultInputs(100, 13) = Empty
    vntDefaultInputs(100, 14) = ""EBCT""
    vntDefaultInputs(100, 15) = 7.5
    vntDefaultInputs(100, 16) = Empty
    vntDefaultInputs(100, 17) = Empty
    vntDefaultInputs(100, 18) = 1
    vntDefaultInputs(100, 19) = 6.7
    vntDefaultInputs(100, 20) = ""upright""
    vntDefaultInputs(100, 21) = 11
    vntDefaultInputs(100, 22) = 4.5
    vntDefaultInputs(100, 23) = Empty
    vntDefaultInputs(100, 24) = Empty
    vntDefaultInputs(100, 25) = Empty
    vntDefaultInputs(100, 26) = 168
    vntDefaultInputs(100, 27) = ""POTW""
    vntDefaultInputs(100, 28) = ""Holding tank""
    vntDefaultInputs(100, 29) = ""manual transfer""
    vntDefaultInputs(100, 30) = ""non-hazardous""
    vntDefaultInputs(100, 31) = Empty
    vntDefaultInputs(100, 32) = 0
    vntDefaultInputs(100, 33) = Empty
    vntDefaultInputs(100, 34) = Empty
    vntDefaultInputs(100, 35) = ""fully automated""
    vntDefaultInputs(100, 36) = Empty
    vntDefaultInputs(100, 37) = Empty
    vntDefaultInputs(100, 38) = Empty
    vntDefaultInputs(100, 39) = Empty
    vntDefaultInputs(100, 40) = Empty
    vntDefaultInputs(100, 41) = Empty
    vntDefaultInputs(100, 42) = Empty
    vntDefaultInputs(100, 43) = Empty
    vntDefaultInputs(100, 44) = Empty
    vntDefaultInputs(100, 45) = Empty
    vntDefaultInputs(100, 46) = Empty
    vntDefaultInputs(101, 1) = 7
    vntDefaultInputs(101, 2) = 1
    vntDefaultInputs(101, 3) = 4
    vntDefaultInputs(101, 4) = 0.74
    vntDefaultInputs(101, 5) = ""MGD""
    vntDefaultInputs(101, 6) = 0.251
    vntDefaultInputs(101, 7) = ""MGD""
    vntDefaultInputs(101, 8) = ""regeneration off-site (non-hazardous)""
    vntDefaultInputs(101, 9) = ""carbon life value- bed volumes""
    vntDefaultInputs(101, 10) = 95700
    vntDefaultInputs(101, 11) = Empty
    vntDefaultInputs(101, 12) = Empty
    vntDefaultInputs(101, 13) = Empty
    vntDefaultInputs(101, 14) = ""EBCT""
    vntDefaultInputs(101, 15) = 7.5
    vntDefaultInputs(101, 16) = Empty
    vntDefaultInputs(101, 17) = Empty
    vntDefaultInputs(101, 18) = 1
    vntDefaultInputs(101, 19) = 6.7
    vntDefaultInputs(101, 20) = ""upright""
    vntDefaultInputs(101, 21) = 11
    vntDefaultInputs(101, 22) = 7
    vntDefaultInputs(101, 23) = Empty
    vntDefaultInputs(101, 24) = Empty
    vntDefaultInputs(101, 25) = Empty
    vntDefaultInputs(101, 26) = 168
    vntDefaultInputs(101, 27) = ""POTW""
    vntDefaultInputs(101, 28) = ""Holding tank""
    vntDefaultInputs(101, 29) = ""manual transfer""
    vntDefaultInputs(101, 30) = ""non-hazardous""
    vntDefaultInputs(101, 31) = Empty
    vntDefaultInputs(101, 32) = 0
    vntDefaultInputs(101, 33) = Empty
    vntDefaultInputs(101, 34) = Empty
    vntDefaultInputs(101, 35) = ""fully automated""
    vntDefaultInputs(101, 36) = Empty
    vntDefaultInputs(101, 37) = Empty
    vntDefaultInputs(101, 38) = Empty
    vntDefaultInputs(101, 39) = Empty
    vntDefaultInputs(101, 40) = Empty
    vntDefaultInputs(101, 41) = Empty
    vntDefaultInputs(101, 42) = Empty
    vntDefaultInputs(101, 43) = Empty
    vntDefaultInputs(101, 44) = Empty
    vntDefaultInputs(101, 45) = Empty
    vntDefaultInputs(101, 46) = Empty
    vntDefaultInputs(102, 1) = 7
    vntDefaultInputs(102, 2) = 1
    vntDefaultInputs(102, 3) = 5
    vntDefaultInputs(102, 4) = 2.152
    vntDefaultInputs(102, 5) = ""MGD""
    vntDefaultInputs(102, 6) = 0.819
    vntDefaultInputs(102, 7) = ""MGD""
    vntDefaultInputs(102, 8) = ""regeneration off-site (non-hazardous)""
    vntDefaultInputs(102, 9) = ""carbon life value- bed volumes""
    vntDefaultInputs(102, 10) = 95700
    vntDefaultInputs(102, 11) = Empty
    vntDefaultInputs(102, 12) = Empty
    vntDefaultInputs(102, 13) = Empty
    vntDefaultInputs(102, 14) = ""EBCT""
    vntDefaultInputs(102, 15) = 7.5
    vntDefaultInputs(102, 16) = Empty
    vntDefaultInputs(102, 17) = Empty
    vntDefaultInputs(102, 18) = 1
    vntDefaultInputs(102, 19) = 6.7
    vntDefaultInputs(102, 20) = ""upright""
    vntDefaultInputs(102, 21) = 11
    vntDefaultInputs(102, 22) = 8.5
    vntDefaultInputs(102, 23) = Empty
    vntDefaultInputs(102, 24) = Empty
    vntDefaultInputs(102, 25) = Empty
    vntDefaultInputs(102, 26) = 168
    vntDefaultInputs(102, 27) = ""POTW""
    vntDefaultInputs(102, 28) = ""Holding tank""
    vntDefaultInputs(102, 29) = ""manual transfer""
    vntDefaultInputs(102, 30) = ""non-hazardous""
    vntDefaultInputs(102, 31) = Empty
    vntDefaultInputs(102, 32) = 0
    vntDefaultInputs(102, 33) = Empty
    vntDefaultInputs(102, 34) = Empty
    vntDefaultInputs(102, 35) = ""fully automated""
    vntDefaultInputs(102, 36) = Empty
    vntDefaultInputs(102, 37) = Empty
    vntDefaultInputs(102, 38) = Empty
    vntDefaultInputs(102, 39) = Empty
    vntDefaultInputs(102, 40) = Empty
    vntDefaultInputs(102, 41) = Empty
    vntDefaultInputs(102, 42) = Empty
    vntDefaultInputs(102, 43) = Empty
    vntDefaultInputs(102, 44) = Empty
    vntDefaultInputs(102, 45) = Empty
    vntDefaultInputs(102, 46) = Empty
    vntDefaultInputs(103, 1) = 7
    vntDefaultInputs(103, 2) = 1
    vntDefaultInputs(103, 3) = 6
    vntDefaultInputs(103, 4) = 7.365
    vntDefaultInputs(103, 5) = ""MGD""
    vntDefaultInputs(103, 6) = 3.2
    vntDefaultInputs(103, 7) = ""MGD""
    vntDefaultInputs(103, 8) = ""regeneration off-site (non-hazardous)""
    vntDefaultInputs(103, 9) = ""carbon life value- bed volumes""
    vntDefaultInputs(103, 10) = 95700
    vntDefaultInputs(103, 11) = Empty
    vntDefaultInputs(103, 12) = Empty
    vntDefaultInputs(103, 13) = Empty
    vntDefaultInputs(103, 14) = ""EBCT""
    vntDefaultInputs(103, 15) = 7.5
    vntDefaultInputs(103, 16) = Empty
    vntDefaultInputs(103, 17) = Empty
    vntDefaultInputs(103, 18) = 1
    vntDefaultInputs(103, 19) = 6.8
    vntDefaultInputs(103, 20) = ""upright""
    vntDefaultInputs(103, 21) = 11
    vntDefaultInputs(103, 22) = 11
    vntDefaultInputs(103, 23) = Empty
    vntDefaultInputs(103, 24) = Empty
    vntDefaultInputs(103, 25) = Empty
    vntDefaultInputs(103, 26) = 168
    vntDefaultInputs(103, 27) = ""POTW""
    vntDefaultInputs(103, 28) = ""Holding tank""
    vntDefaultInputs(103, 29) = ""manual transfer""
    vntDefaultInputs(103, 30) = ""non-hazardous""
    vntDefaultInputs(103, 31) = Empty
    vntDefaultInputs(103, 32) = 0
    vntDefaultInputs(103, 33) = Empty
    vntDefaultInputs(103, 34) = Empty
    vntDefaultInputs(103, 35) = ""fully automated""
    vntDefaultInputs(103, 36) = Empty
    vntDefaultInputs(103, 37) = Empty
    vntDefaultInputs(103, 38) = Empty
    vntDefaultInputs(103, 39) = Empty
    vntDefaultInputs(103, 40) = Empty
    vntDefaultInputs(103, 41) = Empty
    vntDefaultInputs(103, 42) = Empty
    vntDefaultInputs(103, 43) = Empty
    vntDefaultInputs(103, 44) = Empty
    vntDefaultInputs(103, 45) = Empty
    vntDefaultInputs(103, 46) = Empty
    vntDefaultInputs(104, 1) = 7
    vntDefaultInputs(104, 2) = 1
    vntDefaultInputs(104, 3) = 7
    vntDefaultInputs(104, 4) = 22.614
    vntDefaultInputs(104, 5) = ""MGD""
    vntDefaultInputs(104, 6) = 11.066
    vntDefaultInputs(104, 7) = ""MGD""
    vntDefaultInputs(104, 8) = ""regeneration off-site (non-hazardous)""
    vntDefaultInputs(104, 9) = ""carbon life value- bed volumes""
    vntDefaultInputs(104, 10) = 95700
    vntDefaultInputs(104, 11) = Empty
    vntDefaultInputs(104, 12) = Empty
    vntDefaultInputs(104, 13) = Empty
    vntDefaultInputs(104, 14) = ""EBCT""
    vntDefaultInputs(104, 15) = 7.5
    vntDefaultInputs(104, 16) = Empty
    vntDefaultInputs(104, 17) = Empty
    vntDefaultInputs(104, 18) = 1
    vntDefaultInputs(104, 19) = 7.1
    vntDefaultInputs(104, 20) = ""horizontal""
    vntDefaultInputs(104, 21) = 20
    vntDefaultInputs(104, 22) = 14
    vntDefaultInputs(104, 23) = Empty
    vntDefaultInputs(104, 24) = Empty
    vntDefaultInputs(104, 25) = Empty
    vntDefaultInputs(104, 26) = 168
    vntDefaultInputs(104, 27) = ""POTW""
    vntDefaultInputs(104, 28) = ""Holding tank""
    vntDefaultInputs(104, 29) = ""eductors""
    vntDefaultInputs(104, 30) = ""non-hazardous""
    vntDefaultInputs(104, 31) = Empty
    vntDefaultInputs(104, 32) = 0
    vntDefaultInputs(104, 33) = Empty
    vntDefaultInputs(104, 34) = Empty
    vntDefaultInputs(104, 35) = ""fully automated""
    vntDefaultInputs(104, 36) = Empty
    vntDefaultInputs(104, 37) = Empty
    vntDefaultInputs(104, 38) = Empty
    vntDefaultInputs(104, 39) = Empty
    vntDefaultInputs(104, 40) = Empty
    vntDefaultInputs(104, 41) = Empty
    vntDefaultInputs(104, 42) = Empty
    vntDefaultInputs(104, 43) = Empty
    vntDefaultInputs(104, 44) = Empty
    vntDefaultInputs(104, 45) = Empty
    vntDefaultInputs(104, 46) = Empty
    vntDefaultInputs(105, 1) = 7
    vntDefaultInputs(105, 2) = 1
    vntDefaultInputs(105, 3) = 8
    vntDefaultInputs(105, 4) = 75.072
    vntDefaultInputs(105, 5) = ""MGD""
    vntDefaultInputs(105, 6) = 37.536
    vntDefaultInputs(105, 7) = ""MGD""
    vntDefaultInputs(105, 8) = ""regeneration off-site (non-hazardous)""
    vntDefaultInputs(105, 9) = ""carbon life value- bed volumes""
    vntDefaultInputs(105, 10) = 95700
    vntDefaultInputs(105, 11) = Empty
    vntDefaultInputs(105, 12) = Empty
    vntDefaultInputs(105, 13) = Empty
    vntDefaultInputs(105, 14) = ""EBCT""
    vntDefaultInputs(105, 15) = 7.5
    vntDefaultInputs(105, 16) = Empty
    vntDefaultInputs(105, 17) = Empty
    vntDefaultInputs(105, 18) = 1
    vntDefaultInputs(105, 19) = 7.2
    vntDefaultInputs(105, 20) = ""horizontal""
    vntDefaultInputs(105, 21) = 20
    vntDefaultInputs(105, 22) = 14
    vntDefaultInputs(105, 23) = Empty
    vntDefaultInputs(105, 24) = Empty
    vntDefaultInputs(105, 25) = Empty
    vntDefaultInputs(105, 26) = 168
    vntDefaultInputs(105, 27) = ""POTW""
    vntDefaultInputs(105, 28) = ""Holding tank""
    vntDefaultInputs(105, 29) = ""eductors""
    vntDefaultInputs(105, 30) = ""non-hazardous""
    vntDefaultInputs(105, 31) = Empty
    vntDefaultInputs(105, 32) = 0
    vntDefaultInputs(105, 33) = Empty
    vntDefaultInputs(105, 34) = Empty
    vntDefaultInputs(105, 35) = ""fully automated""
    vntDefaultInputs(105, 36) = Empty
    vntDefaultInputs(105, 37) = Empty
    vntDefaultInputs(105, 38) = Empty
    vntDefaultInputs(105, 39) = Empty
    vntDefaultInputs(105, 40) = Empty
    vntDefaultInputs(105, 41) = Empty
    vntDefaultInputs(105, 42) = Empty
    vntDefaultInputs(105, 43) = Empty
    vntDefaultInputs(105, 44) = Empty
    vntDefaultInputs(105, 45) = Empty
    vntDefaultInputs(105, 46) = Empty
    vntDefaultInputs(106, 1) = 7
    vntDefaultInputs(106, 2) = 2
    vntDefaultInputs(106, 3) = 1
    vntDefaultInputs(106, 4) = 0.03
    vntDefaultInputs(106, 5) = ""MGD""
    vntDefaultInputs(106, 6) = 0.007
    vntDefaultInputs(106, 7) = ""MGD""
    vntDefaultInputs(106, 8) = ""regeneration off-site (non-hazardous)""
    vntDefaultInputs(106, 9) = ""carbon life value- bed volumes""
    vntDefaultInputs(106, 10) = 95700
    vntDefaultInputs(106, 11) = Empty
    vntDefaultInputs(106, 12) = Empty
    vntDefaultInputs(106, 13) = Empty
    vntDefaultInputs(106, 14) = ""EBCT""
    vntDefaultInputs(106, 15) = 7.5
    vntDefaultInputs(106, 16) = Empty
    vntDefaultInputs(106, 17) = Empty
    vntDefaultInputs(106, 18) = Empty
    vntDefaultInputs(106, 19) = Empty
    vntDefaultInputs(106, 20) = Empty
    vntDefaultInputs(106, 21) = Empty
    vntDefaultInputs(106, 22) = Empty
    vntDefaultInputs(106, 23) = 6
    vntDefaultInputs(106, 24) = 6
    vntDefaultInputs(106, 25) = 3
    vntDefaultInputs(106, 26) = 168
    vntDefaultInputs(106, 27) = ""POTW""
    vntDefaultInputs(106, 28) = ""holding tank""
    vntDefaultInputs(106, 29) = ""manual transfer""
    vntDefaultInputs(106, 30) = ""non-hazardous""
    vntDefaultInputs(106, 31) = Empty
    vntDefaultInputs(106, 32) = Empty
    vntDefaultInputs(106, 33) = Empty
    vntDefaultInputs(106, 34) = Empty
    vntDefaultInputs(106, 35) = ""fully automated""
    vntDefaultInputs(106, 36) = Empty
    vntDefaultInputs(106, 37) = Empty
    vntDefaultInputs(106, 38) = Empty
    vntDefaultInputs(106, 39) = Empty
    vntDefaultInputs(106, 40) = Empty
    vntDefaultInputs(106, 41) = Empty
    vntDefaultInputs(106, 42) = Empty
    vntDefaultInputs(106, 43) = Empty
    vntDefaultInputs(106, 44) = Empty
    vntDefaultInputs(106, 45) = Empty
    vntDefaultInputs(106, 46) = Empty
    vntDefaultInputs(107, 1) = 7
    vntDefaultInputs(107, 2) = 2
    vntDefaultInputs(107, 3) = 2
    vntDefaultInputs(107, 4) = 0.124
    vntDefaultInputs(107, 5) = ""MGD""
    vntDefaultInputs(107, 6) = 0.035
    vntDefaultInputs(107, 7) = ""MGD""
    vntDefaultInputs(107, 8) = ""regeneration off-site (non-hazardous)""
    vntDefaultInputs(107, 9) = ""carbon life value- bed volumes""
    vntDefaultInputs(107, 10) = 95700
    vntDefaultInputs(107, 11) = Empty
    vntDefaultInputs(107, 12) = Empty
    vntDefaultInputs(107, 13) = Empty
    vntDefaultInputs(107, 14) = ""EBCT""
    vntDefaultInputs(107, 15) = 7.5
    vntDefaultInputs(107, 16) = Empty
    vntDefaultInputs(107, 17) = Empty
    vntDefaultInputs(107, 18) = Empty
    vntDefaultInputs(107, 19) = Empty
    vntDefaultInputs(107, 20) = Empty
    vntDefaultInputs(107, 21) = Empty
    vntDefaultInputs(107, 22) = Empty
    vntDefaultInputs(107, 23) = 6
    vntDefaultInputs(107, 24) = 6
    vntDefaultInputs(107, 25) = 3
    vntDefaultInputs(107, 26) = 168
    vntDefaultInputs(107, 27) = ""POTW""
    vntDefaultInputs(107, 28) = ""holding tank""
    vntDefaultInputs(107, 29) = ""manual transfer""
    vntDefaultInputs(107, 30) = ""non-hazardous""
    vntDefaultInputs(107, 31) = Empty
    vntDefaultInputs(107, 32) = Empty
    vntDefaultInputs(107, 33) = Empty
    vntDefaultInputs(107, 34) = Empty
    vntDefaultInputs(107, 35) = ""fully automated""
    vntDefaultInputs(107, 36) = Empty
    vntDefaultInputs(107, 37) = Empty
    vntDefaultInputs(107, 38) = Empty
    vntDefaultInputs(107, 39) = Empty
    vntDefaultInputs(107, 40) = Empty
    vntDefaultInputs(107, 41) = Empty
    vntDefaultInputs(107, 42) = Empty
    vntDefaultInputs(107, 43) = Empty
    vntDefaultInputs(107, 44) = Empty
    vntDefaultInputs(107, 45) = Empty
    vntDefaultInputs(107, 46) = Empty
    vntDefaultInputs(108, 1) = 7
    vntDefaultInputs(108, 2) = 2
    vntDefaultInputs(108, 3) = 3
    vntDefaultInputs(108, 4) = 0.305
    vntDefaultInputs(108, 5) = ""MGD""
    vntDefaultInputs(108, 6) = 0.094
    vntDefaultInputs(108, 7) = ""MGD""
    vntDefaultInputs(108, 8) = ""regeneration off-site (non-hazardous)""
    vntDefaultInputs(108, 9) = ""carbon life value- bed volumes""
    vntDefaultInputs(108, 10) = 95700
    vntDefaultInputs(108, 11) = Empty
    vntDefaultInputs(108, 12) = Empty
    vntDefaultInputs(108, 13) = Empty
    vntDefaultInputs(108, 14) = ""EBCT""
    vntDefaultInputs(108, 15) = 7.5
    vntDefaultInputs(108, 16) = Empty
    vntDefaultInputs(108, 17) = Empty
    vntDefaultInputs(108, 18) = Empty
    vntDefaultInputs(108, 19) = Empty
    vntDefaultInputs(108, 20) = Empty
    vntDefaultInputs(108, 21) = Empty
    vntDefaultInputs(108, 22) = Empty
    vntDefaultInputs(108, 23) = 6
    vntDefaultInputs(108, 24) = 6
    vntDefaultInputs(108, 25) = 3
    vntDefaultInputs(108, 26) = 168
    vntDefaultInputs(108, 27) = ""POTW""
    vntDefaultInputs(108, 28) = ""holding tank""
    vntDefaultInputs(108, 29) = ""manual transfer""
    vntDefaultInputs(108, 30) = ""non-hazardous""
    vntDefaultInputs(108, 31) = Empty
    vntDefaultInputs(108, 32) = Empty
    vntDefaultInputs(108, 33) = Empty
    vntDefaultInputs(108, 34) = Empty
    vntDefaultInputs(108, 35) = ""fully automated""
    vntDefaultInputs(108, 36) = Empty
    vntDefaultInputs(108, 37) = Empty
    vntDefaultInputs(108, 38) = Empty
    vntDefaultInputs(108, 39) = Empty
    vntDefaultInputs(108, 40) = Empty
    vntDefaultInputs(108, 41) = Empty
    vntDefaultInputs(108, 42) = Empty
    vntDefaultInputs(108, 43) = Empty
    vntDefaultInputs(108, 44) = Empty
    vntDefaultInputs(108, 45) = Empty
    vntDefaultInputs(108, 46) = Empty
    vntDefaultInputs(109, 1) = 7
    vntDefaultInputs(109, 2) = 2
    vntDefaultInputs(109, 3) = 4
    vntDefaultInputs(109, 4) = 0.74
    vntDefaultInputs(109, 5) = ""MGD""
    vntDefaultInputs(109, 6) = 0.251
    vntDefaultInputs(109, 7) = ""MGD""
    vntDefaultInputs(109, 8) = ""regeneration off-site (non-hazardous)""
    vntDefaultInputs(109, 9) = ""carbon life value- bed volumes""
    vntDefaultInputs(109, 10) = 95700
    vntDefaultInputs(109, 11) = Empty
    vntDefaultInputs(109, 12) = Empty
    vntDefaultInputs(109, 13) = Empty
    vntDefaultInputs(109, 14) = ""EBCT""
    vntDefaultInputs(109, 15) = 7.5
    vntDefaultInputs(109, 16) = Empty
    vntDefaultInputs(109, 17) = Empty
    vntDefaultInputs(109, 18) = Empty
    vntDefaultInputs(109, 19) = Empty
    vntDefaultInputs(109, 20) = Empty
    vntDefaultInputs(109, 21) = Empty
    vntDefaultInputs(109, 22) = Empty
    vntDefaultInputs(109, 23) = 7
    vntDefaultInputs(109, 24) = 7
    vntDefaultInputs(109, 25) = 5.3
    vntDefaultInputs(109, 26) = 168
    vntDefaultInputs(109, 27) = ""POTW""
    vntDefaultInputs(109, 28) = ""holding tank""
    vntDefaultInputs(109, 29) = ""manual transfer""
    vntDefaultInputs(109, 30) = ""non-hazardous""
    vntDefaultInputs(109, 31) = Empty
    vntDefaultInputs(109, 32) = Empty
    vntDefaultInputs(109, 33) = Empty
    vntDefaultInputs(109, 34) = Empty
    vntDefaultInputs(109, 35) = ""fully automated""
    vntDefaultInputs(109, 36) = Empty
    vntDefaultInputs(109, 37) = Empty
    vntDefaultInputs(109, 38) = Empty
    vntDefaultInputs(109, 39) = Empty
    vntDefaultInputs(109, 40) = Empty
    vntDefaultInputs(109, 41) = Empty
    vntDefaultInputs(109, 42) = Empty
    vntDefaultInputs(109, 43) = Empty
    vntDefaultInputs(109, 44) = Empty
    vntDefaultInputs(109, 45) = Empty
    vntDefaultInputs(109, 46) = Empty
    vntDefaultInputs(110, 1) = 7
    vntDefaultInputs(110, 2) = 2
    vntDefaultInputs(110, 3) = 5
    vntDefaultInputs(110, 4) = 2.152
    vntDefaultInputs(110, 5) = ""MGD""
    vntDefaultInputs(110, 6) = 0.819
    vntDefaultInputs(110, 7) = ""MGD""
    vntDefaultInputs(110, 8) = ""regeneration off-site (non-hazardous)""
    vntDefaultInputs(110, 9) = ""carbon life value- bed volumes""
    vntDefaultInputs(110, 10) = 95700
    vntDefaultInputs(110, 11) = Empty
    vntDefaultInputs(110, 12) = Empty
    vntDefaultInputs(110, 13) = Empty
    vntDefaultInputs(110, 14) = ""EBCT""
    vntDefaultInputs(110, 15) = 7.5
    vntDefaultInputs(110, 16) = Empty
    vntDefaultInputs(110, 17) = Empty
    vntDefaultInputs(110, 18) = Empty
    vntDefaultInputs(110, 19) = Empty
    vntDefaultInputs(110, 20) = Empty
    vntDefaultInputs(110, 21) = Empty
    vntDefaultInputs(110, 22) = Empty
    vntDefaultInputs(110, 23) = 8
    vntDefaultInputs(110, 24) = 8
    vntDefaultInputs(110, 25) = 7.9
    vntDefaultInputs(110, 26) = 168
    vntDefaultInputs(110, 27) = ""POTW""
    vntDefaultInputs(110, 28) = ""holding tank""
    vntDefaultInputs(110, 29) = ""manual transfer""
    vntDefaultInputs(110, 30) = ""non-hazardous""
    vntDefaultInputs(110, 31) = Empty
    vntDefaultInputs(110, 32) = Empty
    vntDefaultInputs(110, 33) = Empty
    vntDefaultInputs(110, 34) = Empty
    vntDefaultInputs(110, 35) = ""fully automated""
    vntDefaultInputs(110, 36) = Empty
    vntDefaultInputs(110, 37) = Empty
    vntDefaultInputs(110, 38) = Empty
    vntDefaultInputs(110, 39) = Empty
    vntDefaultInputs(110, 40) = Empty
    vntDefaultInputs(110, 41) = Empty
    vntDefaultInputs(110, 42) = Empty
    vntDefaultInputs(110, 43) = Empty
    vntDefaultInputs(110, 44) = Empty
    vntDefaultInputs(110, 45) = Empty
    vntDefaultInputs(110, 46) = Empty
    vntDefaultInputs(111, 1) = 7
    vntDefaultInputs(111, 2) = 2
    vntDefaultInputs(111, 3) = 6
    vntDefaultInputs(111, 4) = 7.365
    vntDefaultInputs(111, 5) = ""MGD""
    vntDefaultInputs(111, 6) = 3.2
    vntDefaultInputs(111, 7) = ""MGD""
    vntDefaultInputs(111, 8) = ""regeneration off-site (non-hazardous)""
    vntDefaultInputs(111, 9) = ""carbon life value- bed volumes""
    vntDefaultInputs(111, 10) = 95700
    vntDefaultInputs(111, 11) = Empty
    vntDefaultInputs(111, 12) = Empty
    vntDefaultInputs(111, 13) = Empty
    vntDefaultInputs(111, 14) = ""EBCT""
    vntDefaultInputs(111, 15) = 7.5
    vntDefaultInputs(111, 16) = Empty
    vntDefaultInputs(111, 17) = Empty
    vntDefaultInputs(111, 18) = Empty
    vntDefaultInputs(111, 19) = Empty
    vntDefaultInputs(111, 20) = Empty
    vntDefaultInputs(111, 21) = Empty
    vntDefaultInputs(111, 22) = Empty
    vntDefaultInputs(111, 23) = 11.5
    vntDefaultInputs(111, 24) = 11.5
    vntDefaultInputs(111, 25) = 7.8
    vntDefaultInputs(111, 26) = 168
    vntDefaultInputs(111, 27) = ""POTW""
    vntDefaultInputs(111, 28) = ""holding tank""
    vntDefaultInputs(111, 29) = ""manual transfer""
    vntDefaultInputs(111, 30) = ""non-hazardous""
    vntDefaultInputs(111, 31) = Empty
    vntDefaultInputs(111, 32) = Empty
    vntDefaultInputs(111, 33) = Empty
    vntDefaultInputs(111, 34) = Empty
    vntDefaultInputs(111, 35) = ""fully automated""
    vntDefaultInputs(111, 36) = Empty
    vntDefaultInputs(111, 37) = Empty
    vntDefaultInputs(111, 38) = Empty
    vntDefaultInputs(111, 39) = Empty
    vntDefaultInputs(111, 40) = Empty
    vntDefaultInputs(111, 41) = Empty
    vntDefaultInputs(111, 42) = Empty
    vntDefaultInputs(111, 43) = Empty
    vntDefaultInputs(111, 44) = Empty
    vntDefaultInputs(111, 45) = Empty
    vntDefaultInputs(111, 46) = Empty
    vntDefaultInputs(112, 1) = 7
    vntDefaultInputs(112, 2) = 2
    vntDefaultInputs(112, 3) = 7
    vntDefaultInputs(112, 4) = 22.614
    vntDefaultInputs(112, 5) = ""MGD""
    vntDefaultInputs(112, 6) = 11.066
    vntDefaultInputs(112, 7) = ""MGD""
    vntDefaultInputs(112, 8) = ""regeneration off-site (non-hazardous)""
    vntDefaultInputs(112, 9) = ""carbon life value- bed volumes""
    vntDefaultInputs(112, 10) = 95700
    vntDefaultInputs(112, 11) = Empty
    vntDefaultInputs(112, 12) = Empty
    vntDefaultInputs(112, 13) = Empty
    vntDefaultInputs(112, 14) = ""EBCT""
    vntDefaultInputs(112, 15) = 7.5
    vntDefaultInputs(112, 16) = Empty
    vntDefaultInputs(112, 17) = Empty
    vntDefaultInputs(112, 18) = Empty
    vntDefaultInputs(112, 19) = Empty
    vntDefaultInputs(112, 20) = Empty
    vntDefaultInputs(112, 21) = Empty
    vntDefaultInputs(112, 22) = Empty
    vntDefaultInputs(112, 23) = 15
    vntDefaultInputs(112, 24) = 15
    vntDefaultInputs(112, 25) = 7.8
    vntDefaultInputs(112, 26) = 168
    vntDefaultInputs(112, 27) = ""POTW""
    vntDefaultInputs(112, 28) = ""holding tank""
    vntDefaultInputs(112, 29) = ""eductors""
    vntDefaultInputs(112, 30) = ""non-hazardous""
    vntDefaultInputs(112, 31) = Empty
    vntDefaultInputs(112, 32) = Empty
    vntDefaultInputs(112, 33) = Empty
    vntDefaultInputs(112, 34) = Empty
    vntDefaultInputs(112, 35) = ""fully automated""
    vntDefaultInputs(112, 36) = Empty
    vntDefaultInputs(112, 37) = Empty
    vntDefaultInputs(112, 38) = Empty
    vntDefaultInputs(112, 39) = Empty
    vntDefaultInputs(112, 40) = Empty
    vntDefaultInputs(112, 41) = Empty
    vntDefaultInputs(112, 42) = Empty
    vntDefaultInputs(112, 43) = Empty
    vntDefaultInputs(112, 44) = Empty
    vntDefaultInputs(112, 45) = Empty
    vntDefaultInputs(112, 46) = Empty
    vntDefaultInputs(113, 1) = 7
    vntDefaultInputs(113, 2) = 2
    vntDefaultInputs(113, 3) = 8
    vntDefaultInputs(113, 4) = 75.072
    vntDefaultInputs(113, 5) = ""MGD""
    vntDefaultInputs(113, 6) = 37.536
    vntDefaultInputs(113, 7) = ""MGD""
    vntDefaultInputs(113, 8) = ""regeneration off-site (non-hazardous)""
    vntDefaultInputs(113, 9) = ""carbon life value- bed volumes""
    vntDefaultInputs(113, 10) = 95700
    vntDefaultInputs(113, 11) = Empty
    vntDefaultInputs(113, 12) = Empty
    vntDefaultInputs(113, 13) = Empty
    vntDefaultInputs(113, 14) = ""EBCT""
    vntDefaultInputs(113, 15) = 7.5
    vntDefaultInputs(113, 16) = Empty
    vntDefaultInputs(113, 17) = Empty
    vntDefaultInputs(113, 18) = Empty
    vntDefaultInputs(113, 19) = Empty
    vntDefaultInputs(113, 20) = Empty
    vntDefaultInputs(113, 21) = Empty
    vntDefaultInputs(113, 22) = Empty
    vntDefaultInputs(113, 23) = 21
    vntDefaultInputs(113, 24) = 21
    vntDefaultInputs(113, 25) = 8
    vntDefaultInputs(113, 26) = 168
    vntDefaultInputs(113, 27) = ""POTW""
    vntDefaultInputs(113, 28) = ""holding tank""
    vntDefaultInputs(113, 29) = ""eductors""
    vntDefaultInputs(113, 30) = ""non-hazardous""
    vntDefaultInputs(113, 31) = Empty
    vntDefaultInputs(113, 32) = Empty
    vntDefaultInputs(113, 33) = Empty
    vntDefaultInputs(113, 34) = Empty
    vntDefaultInputs(113, 35) = ""fully automated""
    vntDefaultInputs(113, 36) = Empty
    vntDefaultInputs(113, 37) = Empty
    vntDefaultInputs(113, 38) = Empty
    vntDefaultInputs(113, 39) = Empty
    vntDefaultInputs(113, 40) = Empty
    vntDefaultInputs(113, 41) = Empty
    vntDefaultInputs(113, 42) = Empty
    vntDefaultInputs(113, 43) = Empty
    vntDefaultInputs(113, 44) = Empty
    vntDefaultInputs(113, 45) = Empty
    vntDefaultInputs(113, 46) = Empty
    vntDefaultInputs(114, 1) = 8
    vntDefaultInputs(114, 2) = 1
    vntDefaultInputs(114, 3) = 1
    vntDefaultInputs(114, 4) = 0.03
    vntDefaultInputs(114, 5) = ""MGD""
    vntDefaultInputs(114, 6) = 0.007
    vntDefaultInputs(114, 7) = ""MGD""
    vntDefaultInputs(114, 8) = ""regeneration off-site (non-hazardous)""
    vntDefaultInputs(114, 9) = ""carbon life value- bed volumes""
    vntDefaultInputs(114, 10) = 29200
    vntDefaultInputs(114, 11) = Empty
    vntDefaultInputs(114, 12) = Empty
    vntDefaultInputs(114, 13) = Empty
    vntDefaultInputs(114, 14) = ""EBCT""
    vntDefaultInputs(114, 15) = 7.5
    vntDefaultInputs(114, 16) = Empty
    vntDefaultInputs(114, 17) = Empty
    vntDefaultInputs(114, 18) = 1
    vntDefaultInputs(114, 19) = 3.4
    vntDefaultInputs(114, 20) = ""upright""
    vntDefaultInputs(114, 21) = 6
    vntDefaultInputs(114, 22) = 2
    vntDefaultInputs(114, 23) = Empty
    vntDefaultInputs(114, 24) = Empty
    vntDefaultInputs(114, 25) = Empty
    vntDefaultInputs(114, 26) = 168
    vntDefaultInputs(114, 27) = ""POTW""
    vntDefaultInputs(114, 28) = ""no holding tank""
    vntDefaultInputs(114, 29) = ""manual transfer""
    vntDefaultInputs(114, 30) = Empty
    vntDefaultInputs(114, 31) = Empty
    vntDefaultInputs(114, 32) = 0
    vntDefaultInputs(114, 33) = Empty
    vntDefaultInputs(114, 34) = Empty
    vntDefaultInputs(114, 35) = ""fully automated""
    vntDefaultInputs(114, 36) = Empty
    vntDefaultInputs(114, 37) = Empty
    vntDefaultInputs(114, 38) = Empty
    vntDefaultInputs(114, 39) = Empty
    vntDefaultInputs(114, 40) = Empty
    vntDefaultInputs(114, 41) = Empty
    vntDefaultInputs(114, 42) = Empty
    vntDefaultInputs(114, 43) = Empty
    vntDefaultInputs(114, 44) = Empty
    vntDefaultInputs(114, 45) = Empty
    vntDefaultInputs(114, 46) = Empty
    vntDefaultInputs(115, 1) = 8
    vntDefaultInputs(115, 2) = 1
    vntDefaultInputs(115, 3) = 2
    vntDefaultInputs(115, 4) = 0.124
    vntDefaultInputs(115, 5) = ""MGD""
    vntDefaultInputs(115, 6) = 0.035
    vntDefaultInputs(115, 7) = ""MGD""
    vntDefaultInputs(115, 8) = ""regeneration off-site (non-hazardous)""
    vntDefaultInputs(115, 9) = ""carbon life value- bed volumes""
    vntDefaultInputs(115, 10) = 29200
    vntDefaultInputs(115, 11) = Empty
    vntDefaultInputs(115, 12) = Empty
    vntDefaultInputs(115, 13) = Empty
    vntDefaultInputs(115, 14) = ""EBCT""
    vntDefaultInputs(115, 15) = 7.5
    vntDefaultInputs(115, 16) = Empty
    vntDefaultInputs(115, 17) = Empty
    vntDefaultInputs(115, 18) = 1
    vntDefaultInputs(115, 19) = 6.9
    vntDefaultInputs(115, 20) = ""upright""
    vntDefaultInputs(115, 21) = 11
    vntDefaultInputs(115, 22) = 4
    vntDefaultInputs(115, 23) = Empty
    vntDefaultInputs(115, 24) = Empty
    vntDefaultInputs(115, 25) = Empty
    vntDefaultInputs(115, 26) = 168
    vntDefaultInputs(115, 27) = ""POTW""
    vntDefaultInputs(115, 28) = ""Holding tank""
    vntDefaultInputs(115, 29) = ""manual transfer""
    vntDefaultInputs(115, 30) = ""non-hazardous""
    vntDefaultInputs(115, 31) = Empty
    vntDefaultInputs(115, 32) = 0
    vntDefaultInputs(115, 33) = Empty
    vntDefaultInputs(115, 34) = Empty
    vntDefaultInputs(115, 35) = ""fully automated""
    vntDefaultInputs(115, 36) = Empty
    vntDefaultInputs(115, 37) = Empty
    vntDefaultInputs(115, 38) = Empty
    vntDefaultInputs(115, 39) = Empty
    vntDefaultInputs(115, 40) = Empty
    vntDefaultInputs(115, 41) = Empty
    vntDefaultInputs(115, 42) = Empty
    vntDefaultInputs(115, 43) = Empty
    vntDefaultInputs(115, 44) = Empty
    vntDefaultInputs(115, 45) = Empty
    vntDefaultInputs(115, 46) = Empty
    vntDefaultInputs(116, 1) = 8
    vntDefaultInputs(116, 2) = 1
    vntDefaultInputs(116, 3) = 3
    vntDefaultInputs(116, 4) = 0.305
    vntDefaultInputs(116, 5) = ""MGD""
    vntDefaultInputs(116, 6) = 0.094
    vntDefaultInputs(116, 7) = ""MGD""
    vntDefaultInputs(116, 8) = ""regeneration off-site (non-hazardous)""
    vntDefaultInputs(116, 9) = ""carbon life value- bed volumes""
    vntDefaultInputs(116, 10) = 29200
    vntDefaultInputs(116, 11) = Empty
    vntDefaultInputs(116, 12) = Empty
    vntDefaultInputs(116, 13) = Empty
    vntDefaultInputs(116, 14) = ""EBCT""
    vntDefaultInputs(116, 15) = 7.5
    vntDefaultInputs(116, 16) = Empty
    vntDefaultInputs(116, 17) = Empty
    vntDefaultInputs(116, 18) = 1
    vntDefaultInputs(116, 19) = 6.7
    vntDefaultInputs(116, 20) = ""upright""
    vntDefaultInputs(116, 21) = 11
    vntDefaultInputs(116, 22) = 4.5
    vntDefaultInputs(116, 23) = Empty
    vntDefaultInputs(116, 24) = Empty
    vntDefaultInputs(116, 25) = Empty
    vntDefaultInputs(116, 26) = 168
    vntDefaultInputs(116, 27) = ""POTW""
    vntDefaultInputs(116, 28) = ""Holding tank""
    vntDefaultInputs(116, 29) = ""manual transfer""
    vntDefaultInputs(116, 30) = ""non-hazardous""
    vntDefaultInputs(116, 31) = Empty
    vntDefaultInputs(116, 32) = 0
    vntDefaultInputs(116, 33) = Empty
    vntDefaultInputs(116, 34) = Empty
    vntDefaultInputs(116, 35) = ""fully automated""
    vntDefaultInputs(116, 36) = Empty
    vntDefaultInputs(116, 37) = Empty
    vntDefaultInputs(116, 38) = Empty
    vntDefaultInputs(116, 39) = Empty
    vntDefaultInputs(116, 40) = Empty
    vntDefaultInputs(116, 41) = Empty
    vntDefaultInputs(116, 42) = Empty
    vntDefaultInputs(116, 43) = Empty
    vntDefaultInputs(116, 44) = Empty
    vntDefaultInputs(116, 45) = Empty
    vntDefaultInputs(116, 46) = Empty
    vntDefaultInputs(117, 1) = 8
    vntDefaultInputs(117, 2) = 1
    vntDefaultInputs(117, 3) = 4
    vntDefaultInputs(117, 4) = 0.74
    vntDefaultInputs(117, 5) = ""MGD""
    vntDefaultInputs(117, 6) = 0.251
    vntDefaultInputs(117, 7) = ""MGD""
    vntDefaultInputs(117, 8) = ""regeneration off-site (non-hazardous)""
    vntDefaultInputs(117, 9) = ""carbon life value- bed volumes""
    vntDefaultInputs(117, 10) = 29200
    vntDefaultInputs(117, 11) = Empty
    vntDefaultInputs(117, 12) = Empty
    vntDefaultInputs(117, 13) = Empty
    vntDefaultInputs(117, 14) = ""EBCT""
    vntDefaultInputs(117, 15) = 7.5
    vntDefaultInputs(117, 16) = Empty
    vntDefaultInputs(117, 17) = Empty
    vntDefaultInputs(117, 18) = 1
    vntDefaultInputs(117, 19) = 6.7
    vntDefaultInputs(117, 20) = ""upright""
    vntDefaultInputs(117, 21) = 11
    vntDefaultInputs(117, 22) = 7
    vntDefaultInputs(117, 23) = Empty
    vntDefaultInputs(117, 24) = Empty
    vntDefaultInputs(117, 25) = Empty
    vntDefaultInputs(117, 26) = 168
    vntDefaultInputs(117, 27) = ""POTW""
    vntDefaultInputs(117, 28) = ""Holding tank""
    vntDefaultInputs(117, 29) = ""manual transfer""
    vntDefaultInputs(117, 30) = ""non-hazardous""
    vntDefaultInputs(117, 31) = Empty
    vntDefaultInputs(117, 32) = 0
    vntDefaultInputs(117, 33) = Empty
    vntDefaultInputs(117, 34) = Empty
    vntDefaultInputs(117, 35) = ""fully automated""
    vntDefaultInputs(117, 36) = Empty
    vntDefaultInputs(117, 37) = Empty
    vntDefaultInputs(117, 38) = Empty
    vntDefaultInputs(117, 39) = Empty
    vntDefaultInputs(117, 40) = Empty
    vntDefaultInputs(117, 41) = Empty
    vntDefaultInputs(117, 42) = Empty
    vntDefaultInputs(117, 43) = Empty
    vntDefaultInputs(117, 44) = Empty
    vntDefaultInputs(117, 45) = Empty
    vntDefaultInputs(117, 46) = Empty
    vntDefaultInputs(118, 1) = 8
    vntDefaultInputs(118, 2) = 1
    vntDefaultInputs(118, 3) = 5
    vntDefaultInputs(118, 4) = 2.152
    vntDefaultInputs(118, 5) = ""MGD""
    vntDefaultInputs(118, 6) = 0.819
    vntDefaultInputs(118, 7) = ""MGD""
    vntDefaultInputs(118, 8) = ""regeneration off-site (non-hazardous)""
    vntDefaultInputs(118, 9) = ""carbon life value- bed volumes""
    vntDefaultInputs(118, 10) = 29200
    vntDefaultInputs(118, 11) = Empty
    vntDefaultInputs(118, 12) = Empty
    vntDefaultInputs(118, 13) = Empty
    vntDefaultInputs(118, 14) = ""EBCT""
    vntDefaultInputs(118, 15) = 7.5
    vntDefaultInputs(118, 16) = Empty
    vntDefaultInputs(118, 17) = Empty
    vntDefaultInputs(118, 18) = 1
    vntDefaultInputs(118, 19) = 6.7
    vntDefaultInputs(118, 20) = ""upright""
    vntDefaultInputs(118, 21) = 11
    vntDefaultInputs(118, 22) = 8.5
    vntDefaultInputs(118, 23) = Empty
    vntDefaultInputs(118, 24) = Empty
    vntDefaultInputs(118, 25) = Empty
    vntDefaultInputs(118, 26) = 168
    vntDefaultInputs(118, 27) = ""POTW""
    vntDefaultInputs(118, 28) = ""Holding tank""
    vntDefaultInputs(118, 29) = ""manual transfer""
    vntDefaultInputs(118, 30) = ""non-hazardous""
    vntDefaultInputs(118, 31) = Empty
    vntDefaultInputs(118, 32) = 0
    vntDefaultInputs(118, 33) = Empty
    vntDefaultInputs(118, 34) = Empty
    vntDefaultInputs(118, 35) = ""fully automated""
    vntDefaultInputs(118, 36) = Empty
    vntDefaultInputs(118, 37) = Empty
    vntDefaultInputs(118, 38) = Empty
    vntDefaultInputs(118, 39) = Empty
    vntDefaultInputs(118, 40) = Empty
    vntDefaultInputs(118, 41) = Empty
    vntDefaultInputs(118, 42) = Empty
    vntDefaultInputs(118, 43) = Empty
    vntDefaultInputs(118, 44) = Empty
    vntDefaultInputs(118, 45) = Empty
    vntDefaultInputs(118, 46) = Empty
    vntDefaultInputs(119, 1) = 8
    vntDefaultInputs(119, 2) = 1
    vntDefaultInputs(119, 3) = 6
    vntDefaultInputs(119, 4) = 7.365
    vntDefaultInputs(119, 5) = ""MGD""
    vntDefaultInputs(119, 6) = 3.2
    vntDefaultInputs(119, 7) = ""MGD""
    vntDefaultInputs(119, 8) = ""regeneration off-site (non-hazardous)""
    vntDefaultInputs(119, 9) = ""carbon life value- bed volumes""
    vntDefaultInputs(119, 10) = 29200
    vntDefaultInputs(119, 11) = Empty
    vntDefaultInputs(119, 12) = Empty
    vntDefaultInputs(119, 13) = Empty
    vntDefaultInputs(119, 14) = ""EBCT""
    vntDefaultInputs(119, 15) = 7.5
    vntDefaultInputs(119, 16) = Empty
    vntDefaultInputs(119, 17) = Empty
    vntDefaultInputs(119, 18) = 1
    vntDefaultInputs(119, 19) = 6.8
    vntDefaultInputs(119, 20) = ""upright""
    vntDefaultInputs(119, 21) = 11
    vntDefaultInputs(119, 22) = 11
    vntDefaultInputs(119, 23) = Empty
    vntDefaultInputs(119, 24) = Empty
    vntDefaultInputs(119, 25) = Empty
    vntDefaultInputs(119, 26) = 168
    vntDefaultInputs(119, 27) = ""POTW""
    vntDefaultInputs(119, 28) = ""Holding tank""
    vntDefaultInputs(119, 29) = ""eductors""
    vntDefaultInputs(119, 30) = ""non-hazardous""
    vntDefaultInputs(119, 31) = Empty
    vntDefaultInputs(119, 32) = 0
    vntDefaultInputs(119, 33) = Empty
    vntDefaultInputs(119, 34) = Empty
    vntDefaultInputs(119, 35) = ""fully automated""
    vntDefaultInputs(119, 36) = Empty
    vntDefaultInputs(119, 37) = Empty
    vntDefaultInputs(119, 38) = Empty
    vntDefaultInputs(119, 39) = Empty
    vntDefaultInputs(119, 40) = Empty
    vntDefaultInputs(119, 41) = Empty
    vntDefaultInputs(119, 42) = Empty
    vntDefaultInputs(119, 43) = Empty
    vntDefaultInputs(119, 44) = Empty
    vntDefaultInputs(119, 45) = Empty
    vntDefaultInputs(119, 46) = Empty
    vntDefaultInputs(120, 1) = 8
    vntDefaultInputs(120, 2) = 1
    vntDefaultInputs(120, 3) = 7
    vntDefaultInputs(120, 4) = 22.614
    vntDefaultInputs(120, 5) = ""MGD""
    vntDefaultInputs(120, 6) = 11.066
    vntDefaultInputs(120, 7) = ""MGD""
    vntDefaultInputs(120, 8) = ""regeneration off-site (non-hazardous)""
    vntDefaultInputs(120, 9) = ""carbon life value- bed volumes""
    vntDefaultInputs(120, 10) = 29200
    vntDefaultInputs(120, 11) = Empty
    vntDefaultInputs(120, 12) = Empty
    vntDefaultInputs(120, 13) = Empty
    vntDefaultInputs(120, 14) = ""EBCT""
    vntDefaultInputs(120, 15) = 7.5
    vntDefaultInputs(120, 16) = Empty
    vntDefaultInputs(120, 17) = Empty
    vntDefaultInputs(120, 18) = 1
    vntDefaultInputs(120, 19) = 7.1
    vntDefaultInputs(120, 20) = ""horizontal""
    vntDefaultInputs(120, 21) = 20
    vntDefaultInputs(120, 22) = 14
    vntDefaultInputs(120, 23) = Empty
    vntDefaultInputs(120, 24) = Empty
    vntDefaultInputs(120, 25) = Empty
    vntDefaultInputs(120, 26) = 168
    vntDefaultInputs(120, 27) = ""POTW""
    vntDefaultInputs(120, 28) = ""Holding tank""
    vntDefaultInputs(120, 29) = ""eductors""
    vntDefaultInputs(120, 30) = ""non-hazardous""
    vntDefaultInputs(120, 31) = Empty
    vntDefaultInputs(120, 32) = 0
    vntDefaultInputs(120, 33) = Empty
    vntDefaultInputs(120, 34) = Empty
    vntDefaultInputs(120, 35) = ""fully automated""
    vntDefaultInputs(120, 36) = Empty
    vntDefaultInputs(120, 37) = Empty
    vntDefaultInputs(120, 38) = Empty
    vntDefaultInputs(120, 39) = Empty
    vntDefaultInputs(120, 40) = Empty
    vntDefaultInputs(120, 41) = Empty
    vntDefaultInputs(120, 42) = Empty
    vntDefaultInputs(120, 43) = Empty
    vntDefaultInputs(120, 44) = Empty
    vntDefaultInputs(120, 45) = Empty
    vntDefaultInputs(120, 46) = Empty
    vntDefaultInputs(121, 1) = 8
    vntDefaultInputs(121, 2) = 1
    vntDefaultInputs(121, 3) = 8
    vntDefaultInputs(121, 4) = 75.072
    vntDefaultInputs(121, 5) = ""MGD""
    vntDefaultInputs(121, 6) = 37.536
    vntDefaultInputs(121, 7) = ""MGD""
    vntDefaultInputs(121, 8) = ""regeneration off-site (non-hazardous)""
    vntDefaultInputs(121, 9) = ""carbon life value- bed volumes""
    vntDefaultInputs(121, 10) = 29200
    vntDefaultInputs(121, 11) = Empty
    vntDefaultInputs(121, 12) = Empty
    vntDefaultInputs(121, 13) = Empty
    vntDefaultInputs(121, 14) = ""EBCT""
    vntDefaultInputs(121, 15) = 7.5
    vntDefaultInputs(121, 16) = Empty
    vntDefaultInputs(121, 17) = Empty
    vntDefaultInputs(121, 18) = 1
    vntDefaultInputs(121, 19) = 7.2
    vntDefaultInputs(121, 20) = ""horizontal""
    vntDefaultInputs(121, 21) = 20
    vntDefaultInputs(121, 22) = 14
    vntDefaultInputs(121, 23) = Empty
    vntDefaultInputs(121, 24) = Empty
    vntDefaultInputs(121, 25) = Empty
    vntDefaultInputs(121, 26) = 168
    vntDefaultInputs(121, 27) = ""POTW""
    vntDefaultInputs(121, 28) = ""Holding tank""
    vntDefaultInputs(121, 29) = ""eductors""
    vntDefaultInputs(121, 30) = ""non-hazardous""
    vntDefaultInputs(121, 31) = Empty
    vntDefaultInputs(121, 32) = 0
    vntDefaultInputs(121, 33) = Empty
    vntDefaultInputs(121, 34) = Empty
    vntDefaultInputs(121, 35) = ""fully automated""
    vntDefaultInputs(121, 36) = Empty
    vntDefaultInputs(121, 37) = Empty
    vntDefaultInputs(121, 38) = Empty
    vntDefaultInputs(121, 39) = Empty
    vntDefaultInputs(121, 40) = Empty
    vntDefaultInputs(121, 41) = Empty
    vntDefaultInputs(121, 42) = Empty
    vntDefaultInputs(121, 43) = Empty
    vntDefaultInputs(121, 44) = Empty
    vntDefaultInputs(121, 45) = Empty
    vntDefaultInputs(121, 46) = Empty
    vntDefaultInputs(122, 1) = 8
    vntDefaultInputs(122, 2) = 2
    vntDefaultInputs(122, 3) = 1
    vntDefaultInputs(122, 4) = 0.03
    vntDefaultInputs(122, 5) = ""MGD""
    vntDefaultInputs(122, 6) = 0.007
    vntDefaultInputs(122, 7) = ""MGD""
    vntDefaultInputs(122, 8) = ""regeneration off-site (non-hazardous)""
    vntDefaultInputs(122, 9) = ""carbon life value- bed volumes""
    vntDefaultInputs(122, 10) = 29200
    vntDefaultInputs(122, 11) = Empty
    vntDefaultInputs(122, 12) = Empty
    vntDefaultInputs(122, 13) = Empty
    vntDefaultInputs(122, 14) = ""EBCT""
    vntDefaultInputs(122, 15) = 7.5
    vntDefaultInputs(122, 16) = Empty
    vntDefaultInputs(122, 17) = Empty
    vntDefaultInputs(122, 18) = Empty
    vntDefaultInputs(122, 19) = Empty
    vntDefaultInputs(122, 20) = Empty
    vntDefaultInputs(122, 21) = Empty
    vntDefaultInputs(122, 22) = Empty
    vntDefaultInputs(122, 23) = 6
    vntDefaultInputs(122, 24) = 6
    vntDefaultInputs(122, 25) = 3
    vntDefaultInputs(122, 26) = 168
    vntDefaultInputs(122, 27) = ""POTW""
    vntDefaultInputs(122, 28) = ""holding tank""
    vntDefaultInputs(122, 29) = ""manual transfer""
    vntDefaultInputs(122, 30) = ""non-hazardous""
    vntDefaultInputs(122, 31) = Empty
    vntDefaultInputs(122, 32) = 0
    vntDefaultInputs(122, 33) = Empty
    vntDefaultInputs(122, 34) = Empty
    vntDefaultInputs(122, 35) = ""fully automated""
    vntDefaultInputs(122, 36) = Empty
    vntDefaultInputs(122, 37) = Empty
    vntDefaultInputs(122, 38) = Empty
    vntDefaultInputs(122, 39) = Empty
    vntDefaultInputs(122, 40) = Empty
    vntDefaultInputs(122, 41) = Empty
    vntDefaultInputs(122, 42) = Empty
    vntDefaultInputs(122, 43) = Empty
    vntDefaultInputs(122, 44) = Empty
    vntDefaultInputs(122, 45) = Empty
    vntDefaultInputs(122, 46) = Empty
    vntDefaultInputs(123, 1) = 8
    vntDefaultInputs(123, 2) = 2
    vntDefaultInputs(123, 3) = 2
    vntDefaultInputs(123, 4) = 0.124
    vntDefaultInputs(123, 5) = ""MGD""
    vntDefaultInputs(123, 6) = 0.035
    vntDefaultInputs(123, 7) = ""MGD""
    vntDefaultInputs(123, 8) = ""regeneration off-site (non-hazardous)""
    vntDefaultInputs(123, 9) = ""carbon life value- bed volumes""
    vntDefaultInputs(123, 10) = 29200
    vntDefaultInputs(123, 11) = Empty
    vntDefaultInputs(123, 12) = Empty
    vntDefaultInputs(123, 13) = Empty
    vntDefaultInputs(123, 14) = ""EBCT""
    vntDefaultInputs(123, 15) = 7.5
    vntDefaultInputs(123, 16) = Empty
    vntDefaultInputs(123, 17) = Empty
    vntDefaultInputs(123, 18) = Empty
    vntDefaultInputs(123, 19) = Empty
    vntDefaultInputs(123, 20) = Empty
    vntDefaultInputs(123, 21) = Empty
    vntDefaultInputs(123, 22) = Empty
    vntDefaultInputs(123, 23) = 6
    vntDefaultInputs(123, 24) = 6
    vntDefaultInputs(123, 25) = 3
    vntDefaultInputs(123, 26) = 168
    vntDefaultInputs(123, 27) = ""POTW""
    vntDefaultInputs(123, 28) = ""holding tank""
    vntDefaultInputs(123, 29) = ""manual transfer""
    vntDefaultInputs(123, 30) = ""non-hazardous""
    vntDefaultInputs(123, 31) = Empty
    vntDefaultInputs(123, 32) = 0
    vntDefaultInputs(123, 33) = Empty
    vntDefaultInputs(123, 34) = Empty
    vntDefaultInputs(123, 35) = ""fully automated""
    vntDefaultInputs(123, 36) = Empty
    vntDefaultInputs(123, 37) = Empty
    vntDefaultInputs(123, 38) = Empty
    vntDefaultInputs(123, 39) = Empty
    vntDefaultInputs(123, 40) = Empty
    vntDefaultInputs(123, 41) = Empty
    vntDefaultInputs(123, 42) = Empty
    vntDefaultInputs(123, 43) = Empty
    vntDefaultInputs(123, 44) = Empty
    vntDefaultInputs(123, 45) = Empty
    vntDefaultInputs(123, 46) = Empty
    vntDefaultInputs(124, 1) = 8
    vntDefaultInputs(124, 2) = 2
    vntDefaultInputs(124, 3) = 3
    vntDefaultInputs(124, 4) = 0.305
    vntDefaultInputs(124, 5) = ""MGD""
    vntDefaultInputs(124, 6) = 0.094
    vntDefaultInputs(124, 7) = ""MGD""
    vntDefaultInputs(124, 8) = ""regeneration off-site (non-hazardous)""
    vntDefaultInputs(124, 9) = ""carbon life value- bed volumes""
    vntDefaultInputs(124, 10) = 29200
    vntDefaultInputs(124, 11) = Empty
    vntDefaultInputs(124, 12) = Empty
    vntDefaultInputs(124, 13) = Empty
    vntDefaultInputs(124, 14) = ""EBCT""
    vntDefaultInputs(124, 15) = 7.5
    vntDefaultInputs(124, 16) = Empty
    vntDefaultInputs(124, 17) = Empty
    vntDefaultInputs(124, 18) = Empty
    vntDefaultInputs(124, 19) = Empty
    vntDefaultInputs(124, 20) = Empty
    vntDefaultInputs(124, 21) = Empty
    vntDefaultInputs(124, 22) = Empty
    vntDefaultInputs(124, 23) = 6
    vntDefaultInputs(124, 24) = 6
    vntDefaultInputs(124, 25) = 3
    vntDefaultInputs(124, 26) = 168
    vntDefaultInputs(124, 27) = ""POTW""
    vntDefaultInputs(124, 28) = ""holding tank""
    vntDefaultInputs(124, 29) = ""manual transfer""
    vntDefaultInputs(124, 30) = ""non-hazardous""
    vntDefaultInputs(124, 31) = Empty
    vntDefaultInputs(124, 32) = 0
    vntDefaultInputs(124, 33) = Empty
    vntDefaultInputs(124, 34) = Empty
    vntDefaultInputs(124, 35) = ""fully automated""
    vntDefaultInputs(124, 36) = Empty
    vntDefaultInputs(124, 37) = Empty
    vntDefaultInputs(124, 38) = Empty
    vntDefaultInputs(124, 39) = Empty
    vntDefaultInputs(124, 40) = Empty
    vntDefaultInputs(124, 41) = Empty
    vntDefaultInputs(124, 42) = Empty
    vntDefaultInputs(124, 43) = Empty
    vntDefaultInputs(124, 44) = Empty
    vntDefaultInputs(124, 45) = Empty
    vntDefaultInputs(124, 46) = Empty
    vntDefaultInputs(125, 1) = 8
    vntDefaultInputs(125, 2) = 2
    vntDefaultInputs(125, 3) = 4
    vntDefaultInputs(125, 4) = 0.74
    vntDefaultInputs(125, 5) = ""MGD""
    vntDefaultInputs(125, 6) = 0.251
    vntDefaultInputs(125, 7) = ""MGD""
    vntDefaultInputs(125, 8) = ""regeneration off-site (non-hazardous)""
    vntDefaultInputs(125, 9) = ""carbon life value- bed volumes""
    vntDefaultInputs(125, 10) = 29200
    vntDefaultInputs(125, 11) = Empty
    vntDefaultInputs(125, 12) = Empty
    vntDefaultInputs(125, 13) = Empty
    vntDefaultInputs(125, 14) = ""EBCT""
    vntDefaultInputs(125, 15) = 7.5
    vntDefaultInputs(125, 16) = Empty
    vntDefaultInputs(125, 17) = Empty
    vntDefaultInputs(125, 18) = Empty
    vntDefaultInputs(125, 19) = Empty
    vntDefaultInputs(125, 20) = Empty
    vntDefaultInputs(125, 21) = Empty
    vntDefaultInputs(125, 22) = Empty
    vntDefaultInputs(125, 23) = 7
    vntDefaultInputs(125, 24) = 7
    vntDefaultInputs(125, 25) = 5.3
    vntDefaultInputs(125, 26) = 168
    vntDefaultInputs(125, 27) = ""POTW""
    vntDefaultInputs(125, 28) = ""holding tank""
    vntDefaultInputs(125, 29) = ""manual transfer""
    vntDefaultInputs(125, 30) = ""non-hazardous""
    vntDefaultInputs(125, 31) = Empty
    vntDefaultInputs(125, 32) = 0
    vntDefaultInputs(125, 33) = Empty
    vntDefaultInputs(125, 34) = Empty
    vntDefaultInputs(125, 35) = ""fully automated""
    vntDefaultInputs(125, 36) = Empty
    vntDefaultInputs(125, 37) = Empty
    vntDefaultInputs(125, 38) = Empty
    vntDefaultInputs(125, 39) = Empty
    vntDefaultInputs(125, 40) = Empty
    vntDefaultInputs(125, 41) = Empty
    vntDefaultInputs(125, 42) = Empty
    vntDefaultInputs(125, 43) = Empty
    vntDefaultInputs(125, 44) = Empty
    vntDefaultInputs(125, 45) = Empty
    vntDefaultInputs(125, 46) = Empty
    vntDefaultInputs(126, 1) = 8
    vntDefaultInputs(126, 2) = 2
    vntDefaultInputs(126, 3) = 5
    vntDefaultInputs(126, 4) = 2.152
    vntDefaultInputs(126, 5) = ""MGD""
    vntDefaultInputs(126, 6) = 0.819
    vntDefaultInputs(126, 7) = ""MGD""
    vntDefaultInputs(126, 8) = ""regeneration off-site (non-hazardous)""
    vntDefaultInputs(126, 9) = ""carbon life value- bed volumes""
    vntDefaultInputs(126, 10) = 29200
    vntDefaultInputs(126, 11) = Empty
    vntDefaultInputs(126, 12) = Empty
    vntDefaultInputs(126, 13) = Empty
    vntDefaultInputs(126, 14) = ""EBCT""
    vntDefaultInputs(126, 15) = 7.5
    vntDefaultInputs(126, 16) = Empty
    vntDefaultInputs(126, 17) = Empty
    vntDefaultInputs(126, 18) = Empty
    vntDefaultInputs(126, 19) = Empty
    vntDefaultInputs(126, 20) = Empty
    vntDefaultInputs(126, 21) = Empty
    vntDefaultInputs(126, 22) = Empty
    vntDefaultInputs(126, 23) = 8
    vntDefaultInputs(126, 24) = 8
    vntDefaultInputs(126, 25) = 7.9
    vntDefaultInputs(126, 26) = 168
    vntDefaultInputs(126, 27) = ""POTW""
    vntDefaultInputs(126, 28) = ""holding tank""
    vntDefaultInputs(126, 29) = ""manual transfer""
    vntDefaultInputs(126, 30) = ""non-hazardous""
    vntDefaultInputs(126, 31) = Empty
    vntDefaultInputs(126, 32) = 0
    vntDefaultInputs(126, 33) = Empty
    vntDefaultInputs(126, 34) = Empty
    vntDefaultInputs(126, 35) = ""fully automated""
    vntDefaultInputs(126, 36) = Empty
    vntDefaultInputs(126, 37) = Empty
    vntDefaultInputs(126, 38) = Empty
    vntDefaultInputs(126, 39) = Empty
    vntDefaultInputs(126, 40) = Empty
    vntDefaultInputs(126, 41) = Empty
    vntDefaultInputs(126, 42) = Empty
    vntDefaultInputs(126, 43) = Empty
    vntDefaultInputs(126, 44) = Empty
    vntDefaultInputs(126, 45) = Empty
    vntDefaultInputs(126, 46) = Empty
    vntDefaultInputs(127, 1) = 8
    vntDefaultInputs(127, 2) = 2
    vntDefaultInputs(127, 3) = 6
    vntDefaultInputs(127, 4) = 7.365
    vntDefaultInputs(127, 5) = ""MGD""
    vntDefaultInputs(127, 6) = 3.2
    vntDefaultInputs(127, 7) = ""MGD""
    vntDefaultInputs(127, 8) = ""regeneration off-site (non-hazardous)""
    vntDefaultInputs(127, 9) = ""carbon life value- bed volumes""
    vntDefaultInputs(127, 10) = 29200
    vntDefaultInputs(127, 11) = Empty
    vntDefaultInputs(127, 12) = Empty
    vntDefaultInputs(127, 13) = Empty
    vntDefaultInputs(127, 14) = ""EBCT""
    vntDefaultInputs(127, 15) = 7.5
    vntDefaultInputs(127, 16) = Empty
    vntDefaultInputs(127, 17) = Empty
    vntDefaultInputs(127, 18) = Empty
    vntDefaultInputs(127, 19) = Empty
    vntDefaultInputs(127, 20) = Empty
    vntDefaultInputs(127, 21) = Empty
    vntDefaultInputs(127, 22) = Empty
    vntDefaultInputs(127, 23) = 11.5
    vntDefaultInputs(127, 24) = 11.5
    vntDefaultInputs(127, 25) = 7.8
    vntDefaultInputs(127, 26) = 168
    vntDefaultInputs(127, 27) = ""POTW""
    vntDefaultInputs(127, 28) = ""holding tank""
    vntDefaultInputs(127, 29) = ""eductors""
    vntDefaultInputs(127, 30) = ""non-hazardous""
    vntDefaultInputs(127, 31) = Empty
    vntDefaultInputs(127, 32) = 0
    vntDefaultInputs(127, 33) = Empty
    vntDefaultInputs(127, 34) = Empty
    vntDefaultInputs(127, 35) = ""fully automated""
    vntDefaultInputs(127, 36) = Empty
    vntDefaultInputs(127, 37) = Empty
    vntDefaultInputs(127, 38) = Empty
    vntDefaultInputs(127, 39) = Empty
    vntDefaultInputs(127, 40) = Empty
    vntDefaultInputs(127, 41) = Empty
    vntDefaultInputs(127, 42) = Empty
    vntDefaultInputs(127, 43) = Empty
    vntDefaultInputs(127, 44) = Empty
    vntDefaultInputs(127, 45) = Empty
    vntDefaultInputs(127, 46) = Empty
    vntDefaultInputs(128, 1) = 8
    vntDefaultInputs(128, 2) = 2
    vntDefaultInputs(128, 3) = 7
    vntDefaultInputs(128, 4) = 22.614
    vntDefaultInputs(128, 5) = ""MGD""
    vntDefaultInputs(128, 6) = 11.066
    vntDefaultInputs(128, 7) = ""MGD""
    vntDefaultInputs(128, 8) = ""regeneration off-site (non-hazardous)""
    vntDefaultInputs(128, 9) = ""carbon life value- bed volumes""
    vntDefaultInputs(128, 10) = 29200
    vntDefaultInputs(128, 11) = Empty
    vntDefaultInputs(128, 12) = Empty
    vntDefaultInputs(128, 13) = Empty
    vntDefaultInputs(128, 14) = ""EBCT""
    vntDefaultInputs(128, 15) = 7.5
    vntDefaultInputs(128, 16) = Empty
    vntDefaultInputs(128, 17) = Empty
    vntDefaultInputs(128, 18) = Empty
    vntDefaultInputs(128, 19) = Empty
    vntDefaultInputs(128, 20) = Empty
    vntDefaultInputs(128, 21) = Empty
    vntDefaultInputs(128, 22) = Empty
    vntDefaultInputs(128, 23) = 15
    vntDefaultInputs(128, 24) = 15
    vntDefaultInputs(128, 25) = 7.8
    vntDefaultInputs(128, 26) = 168
    vntDefaultInputs(128, 27) = ""POTW""
    vntDefaultInputs(128, 28) = ""holding tank""
    vntDefaultInputs(128, 29) = ""eductors""
    vntDefaultInputs(128, 30) = ""non-hazardous""
    vntDefaultInputs(128, 31) = Empty
    vntDefaultInputs(128, 32) = 0
    vntDefaultInputs(128, 33) = Empty
    vntDefaultInputs(128, 34) = Empty
    vntDefaultInputs(128, 35) = ""fully automated""
    vntDefaultInputs(128, 36) = Empty
    vntDefaultInputs(128, 37) = Empty
    vntDefaultInputs(128, 38) = Empty
    vntDefaultInputs(128, 39) = Empty
    vntDefaultInputs(128, 40) = Empty
    vntDefaultInputs(128, 41) = Empty
    vntDefaultInputs(128, 42) = Empty
    vntDefaultInputs(128, 43) = Empty
    vntDefaultInputs(128, 44) = Empty
    vntDefaultInputs(128, 45) = Empty
    vntDefaultInputs(128, 46) = Empty
    vntDefaultInputs(129, 1) = 8
    vntDefaultInputs(129, 2) = 2
    vntDefaultInputs(129, 3) = 8
    vntDefaultInputs(129, 4) = 75.072
    vntDefaultInputs(129, 5) = ""MGD""
    vntDefaultInputs(129, 6) = 37.536
    vntDefaultInputs(129, 7) = ""MGD""
    vntDefaultInputs(129, 8) = ""regeneration off-site (non-hazardous)""
    vntDefaultInputs(129, 9) = ""carbon life value- bed volumes""
    vntDefaultInputs(129, 10) = 29200
    vntDefaultInputs(129, 11) = Empty
    vntDefaultInputs(129, 12) = Empty
    vntDefaultInputs(129, 13) = Empty
    vntDefaultInputs(129, 14) = ""EBCT""
    vntDefaultInputs(129, 15) = 7.5
    vntDefaultInputs(129, 16) = Empty
    vntDefaultInputs(129, 17) = Empty
    vntDefaultInputs(129, 18) = Empty
    vntDefaultInputs(129, 19) = Empty
    vntDefaultInputs(129, 20) = Empty
    vntDefaultInputs(129, 21) = Empty
    vntDefaultInputs(129, 22) = Empty
    vntDefaultInputs(129, 23) = 30
    vntDefaultInputs(129, 24) = 30
    vntDefaultInputs(129, 25) = 9.7
    vntDefaultInputs(129, 26) = 168
    vntDefaultInputs(129, 27) = ""POTW""
    vntDefaultInputs(129, 28) = ""holding tank""
    vntDefaultInputs(129, 29) = ""eductors""
    vntDefaultInputs(129, 30) = ""non-hazardous""
    vntDefaultInputs(129, 31) = Empty
    vntDefaultInputs(129, 32) = 0
    vntDefaultInputs(129, 33) = Empty
    vntDefaultInputs(129, 34) = Empty
    vntDefaultInputs(129, 35) = ""fully automated""
    vntDefaultInputs(129, 36) = Empty
    vntDefaultInputs(129, 37) = Empty
    vntDefaultInputs(129, 38) = Empty
    vntDefaultInputs(129, 39) = Empty
    vntDefaultInputs(129, 40) = Empty
    vntDefaultInputs(129, 41) = Empty
    vntDefaultInputs(129, 42) = Empty
    vntDefaultInputs(129, 43) = Empty
    vntDefaultInputs(129, 44) = Empty
    vntDefaultInputs(129, 45) = Empty
    vntDefaultInputs(129, 46) = Empty
    vntDefaultInputs(130, 1) = 9
    vntDefaultInputs(130, 2) = 1
    vntDefaultInputs(130, 3) = 1
    vntDefaultInputs(130, 4) = 0.03
    vntDefaultInputs(130, 5) = ""MGD""
    vntDefaultInputs(130, 6) = 0.007
    vntDefaultInputs(130, 7) = ""MGD""
    vntDefaultInputs(130, 8) = ""regeneration off-site (non-hazardous)""
    vntDefaultInputs(130, 9) = ""carbon life value- bed volumes""
    vntDefaultInputs(130, 10) = 21600
    vntDefaultInputs(130, 11) = Empty
    vntDefaultInputs(130, 12) = Empty
    vntDefaultInputs(130, 13) = Empty
    vntDefaultInputs(130, 14) = ""EBCT""
    vntDefaultInputs(130, 15) = 7.5
    vntDefaultInputs(130, 16) = Empty
    vntDefaultInputs(130, 17) = Empty
    vntDefaultInputs(130, 18) = 1
    vntDefaultInputs(130, 19) = 3.4
    vntDefaultInputs(130, 20) = ""upright""
    vntDefaultInputs(130, 21) = 6
    vntDefaultInputs(130, 22) = 2
    vntDefaultInputs(130, 23) = Empty
    vntDefaultInputs(130, 24) = Empty
    vntDefaultInputs(130, 25) = Empty
    vntDefaultInputs(130, 26) = 168
    vntDefaultInputs(130, 27) = ""POTW""
    vntDefaultInputs(130, 28) = ""no holding tank""
    vntDefaultInputs(130, 29) = ""manual transfer""
    vntDefaultInputs(130, 30) = Empty
    vntDefaultInputs(130, 31) = Empty
    vntDefaultInputs(130, 32) = 0
    vntDefaultInputs(130, 33) = Empty
    vntDefaultInputs(130, 34) = Empty
    vntDefaultInputs(130, 35) = ""fully automated""
    vntDefaultInputs(130, 36) = Empty
    vntDefaultInputs(130, 37) = Empty
    vntDefaultInputs(130, 38) = Empty
    vntDefaultInputs(130, 39) = Empty
    vntDefaultInputs(130, 40) = Empty
    vntDefaultInputs(130, 41) = Empty
    vntDefaultInputs(130, 42) = Empty
    vntDefaultInputs(130, 43) = Empty
    vntDefaultInputs(130, 44) = Empty
    vntDefaultInputs(130, 45) = Empty
    vntDefaultInputs(130, 46) = Empty
    vntDefaultInputs(131, 1) = 9
    vntDefaultInputs(131, 2) = 1
    vntDefaultInputs(131, 3) = 2
    vntDefaultInputs(131, 4) = 0.124
    vntDefaultInputs(131, 5) = ""MGD""
    vntDefaultInputs(131, 6) = 0.035
    vntDefaultInputs(131, 7) = ""MGD""
    vntDefaultInputs(131, 8) = ""regeneration off-site (non-hazardous)""
    vntDefaultInputs(131, 9) = ""carbon life value- bed volumes""
    vntDefaultInputs(131, 10) = 21600
    vntDefaultInputs(131, 11) = Empty
    vntDefaultInputs(131, 12) = Empty
    vntDefaultInputs(131, 13) = Empty
    vntDefaultInputs(131, 14) = ""EBCT""
    vntDefaultInputs(131, 15) = 7.5
    vntDefaultInputs(131, 16) = Empty
    vntDefaultInputs(131, 17) = Empty
    vntDefaultInputs(131, 18) = 1
    vntDefaultInputs(131, 19) = 6.9
    vntDefaultInputs(131, 20) = ""upright""
    vntDefaultInputs(131, 21) = 11
    vntDefaultInputs(131, 22) = 4
    vntDefaultInputs(131, 23) = Empty
    vntDefaultInputs(131, 24) = Empty
    vntDefaultInputs(131, 25) = Empty
    vntDefaultInputs(131, 26) = 168
    vntDefaultInputs(131, 27) = ""POTW""
    vntDefaultInputs(131, 28) = ""Holding tank""
    vntDefaultInputs(131, 29) = ""manual transfer""
    vntDefaultInputs(131, 30) = ""non-hazardous""
    vntDefaultInputs(131, 31) = Empty
    vntDefaultInputs(131, 32) = 0
    vntDefaultInputs(131, 33) = Empty
    vntDefaultInputs(131, 34) = Empty
    vntDefaultInputs(131, 35) = ""fully automated""
    vntDefaultInputs(131, 36) = Empty
    vntDefaultInputs(131, 37) = Empty
    vntDefaultInputs(131, 38) = Empty
    vntDefaultInputs(131, 39) = Empty
    vntDefaultInputs(131, 40) = Empty
    vntDefaultInputs(131, 41) = Empty
    vntDefaultInputs(131, 42) = Empty
    vntDefaultInputs(131, 43) = Empty
    vntDefaultInputs(131, 44) = Empty
    vntDefaultInputs(131, 45) = Empty
    vntDefaultInputs(131, 46) = Empty
    vntDefaultInputs(132, 1) = 9
    vntDefaultInputs(132, 2) = 1
    vntDefaultInputs(132, 3) = 3
    vntDefaultInputs(132, 4) = 0.305
    vntDefaultInputs(132, 5) = ""MGD""
    vntDefaultInputs(132, 6) = 0.094
    vntDefaultInputs(132, 7) = ""MGD""
    vntDefaultInputs(132, 8) = ""regeneration off-site (non-hazardous)""
    vntDefaultInputs(132, 9) = ""carbon life value- bed volumes""
    vntDefaultInputs(132, 10) = 21600
    vntDefaultInputs(132, 11) = Empty
    vntDefaultInputs(132, 12) = Empty
    vntDefaultInputs(132, 13) = Empty
    vntDefaultInputs(132, 14) = ""EBCT""
    vntDefaultInputs(132, 15) = 7.5
    vntDefaultInputs(132, 16) = Empty
    vntDefaultInputs(132, 17) = Empty
    vntDefaultInputs(132, 18) = 1
    vntDefaultInputs(132, 19) = 6.7
    vntDefaultInputs(132, 20) = ""upright""
    vntDefaultInputs(132, 21) = 11
    vntDefaultInputs(132, 22) = 4.5
    vntDefaultInputs(132, 23) = Empty
    vntDefaultInputs(132, 24) = Empty
    vntDefaultInputs(132, 25) = Empty
    vntDefaultInputs(132, 26) = 168
    vntDefaultInputs(132, 27) = ""POTW""
    vntDefaultInputs(132, 28) = ""Holding tank""
    vntDefaultInputs(132, 29) = ""manual transfer""
    vntDefaultInputs(132, 30) = ""non-hazardous""
    vntDefaultInputs(132, 31) = Empty
    vntDefaultInputs(132, 32) = 0
    vntDefaultInputs(132, 33) = Empty
    vntDefaultInputs(132, 34) = Empty
    vntDefaultInputs(132, 35) = ""fully automated""
    vntDefaultInputs(132, 36) = Empty
    vntDefaultInputs(132, 37) = Empty
    vntDefaultInputs(132, 38) = Empty
    vntDefaultInputs(132, 39) = Empty
    vntDefaultInputs(132, 40) = Empty
    vntDefaultInputs(132, 41) = Empty
    vntDefaultInputs(132, 42) = Empty
    vntDefaultInputs(132, 43) = Empty
    vntDefaultInputs(132, 44) = Empty
    vntDefaultInputs(132, 45) = Empty
    vntDefaultInputs(132, 46) = Empty
    vntDefaultInputs(133, 1) = 9
    vntDefaultInputs(133, 2) = 1
    vntDefaultInputs(133, 3) = 4
    vntDefaultInputs(133, 4) = 0.74
    vntDefaultInputs(133, 5) = ""MGD""
    vntDefaultInputs(133, 6) = 0.251
    vntDefaultInputs(133, 7) = ""MGD""
    vntDefaultInputs(133, 8) = ""regeneration off-site (non-hazardous)""
    vntDefaultInputs(133, 9) = ""carbon life value- bed volumes""
    vntDefaultInputs(133, 10) = 21600
    vntDefaultInputs(133, 11) = Empty
    vntDefaultInputs(133, 12) = Empty
    vntDefaultInputs(133, 13) = Empty
    vntDefaultInputs(133, 14) = ""EBCT""
    vntDefaultInputs(133, 15) = 7.5
    vntDefaultInputs(133, 16) = Empty
    vntDefaultInputs(133, 17) = Empty
    vntDefaultInputs(133, 18) = 1
    vntDefaultInputs(133, 19) = 6.7
    vntDefaultInputs(133, 20) = ""upright""
    vntDefaultInputs(133, 21) = 11
    vntDefaultInputs(133, 22) = 7
    vntDefaultInputs(133, 23) = Empty
    vntDefaultInputs(133, 24) = Empty
    vntDefaultInputs(133, 25) = Empty
    vntDefaultInputs(133, 26) = 168
    vntDefaultInputs(133, 27) = ""POTW""
    vntDefaultInputs(133, 28) = ""Holding tank""
    vntDefaultInputs(133, 29) = ""manual transfer""
    vntDefaultInputs(133, 30) = ""non-hazardous""
    vntDefaultInputs(133, 31) = Empty
    vntDefaultInputs(133, 32) = 0
    vntDefaultInputs(133, 33) = Empty
    vntDefaultInputs(133, 34) = Empty
    vntDefaultInputs(133, 35) = ""fully automated""
    vntDefaultInputs(133, 36) = Empty
    vntDefaultInputs(133, 37) = Empty
    vntDefaultInputs(133, 38) = Empty
    vntDefaultInputs(133, 39) = Empty
    vntDefaultInputs(133, 40) = Empty
    vntDefaultInputs(133, 41) = Empty
    vntDefaultInputs(133, 42) = Empty
    vntDefaultInputs(133, 43) = Empty
    vntDefaultInputs(133, 44) = Empty
    vntDefaultInputs(133, 45) = Empty
    vntDefaultInputs(133, 46) = Empty
    vntDefaultInputs(134, 1) = 9
    vntDefaultInputs(134, 2) = 1
    vntDefaultInputs(134, 3) = 5
    vntDefaultInputs(134, 4) = 2.152
    vntDefaultInputs(134, 5) = ""MGD""
    vntDefaultInputs(134, 6) = 0.819
    vntDefaultInputs(134, 7) = ""MGD""
    vntDefaultInputs(134, 8) = ""regeneration off-site (non-hazardous)""
    vntDefaultInputs(134, 9) = ""carbon life value- bed volumes""
    vntDefaultInputs(134, 10) = 21600
    vntDefaultInputs(134, 11) = Empty
    vntDefaultInputs(134, 12) = Empty
    vntDefaultInputs(134, 13) = Empty
    vntDefaultInputs(134, 14) = ""EBCT""
    vntDefaultInputs(134, 15) = 7.5
    vntDefaultInputs(134, 16) = Empty
    vntDefaultInputs(134, 17) = Empty
    vntDefaultInputs(134, 18) = 1
    vntDefaultInputs(134, 19) = 6.7
    vntDefaultInputs(134, 20) = ""upright""
    vntDefaultInputs(134, 21) = 11
    vntDefaultInputs(134, 22) = 8.5
    vntDefaultInputs(134, 23) = Empty
    vntDefaultInputs(134, 24) = Empty
    vntDefaultInputs(134, 25) = Empty
    vntDefaultInputs(134, 26) = 168
    vntDefaultInputs(134, 27) = ""POTW""
    vntDefaultInputs(134, 28) = ""Holding tank""
    vntDefaultInputs(134, 29) = ""manual transfer""
    vntDefaultInputs(134, 30) = ""non-hazardous""
    vntDefaultInputs(134, 31) = Empty
    vntDefaultInputs(134, 32) = 0
    vntDefaultInputs(134, 33) = Empty
    vntDefaultInputs(134, 34) = Empty
    vntDefaultInputs(134, 35) = ""fully automated""
    vntDefaultInputs(134, 36) = Empty
    vntDefaultInputs(134, 37) = Empty
    vntDefaultInputs(134, 38) = Empty
    vntDefaultInputs(134, 39) = Empty
    vntDefaultInputs(134, 40) = Empty
    vntDefaultInputs(134, 41) = Empty
    vntDefaultInputs(134, 42) = Empty
    vntDefaultInputs(134, 43) = Empty
    vntDefaultInputs(134, 44) = Empty
    vntDefaultInputs(134, 45) = Empty
    vntDefaultInputs(134, 46) = Empty
    vntDefaultInputs(135, 1) = 9
    vntDefaultInputs(135, 2) = 1
    vntDefaultInputs(135, 3) = 6
    vntDefaultInputs(135, 4) = 7.365
    vntDefaultInputs(135, 5) = ""MGD""
    vntDefaultInputs(135, 6) = 3.2
    vntDefaultInputs(135, 7) = ""MGD""
    vntDefaultInputs(135, 8) = ""regeneration off-site (non-hazardous)""
    vntDefaultInputs(135, 9) = ""carbon life value- bed volumes""
    vntDefaultInputs(135, 10) = 21600
    vntDefaultInputs(135, 11) = Empty
    vntDefaultInputs(135, 12) = Empty
    vntDefaultInputs(135, 13) = Empty
    vntDefaultInputs(135, 14) = ""EBCT""
    vntDefaultInputs(135, 15) = 7.5
    vntDefaultInputs(135, 16) = Empty
    vntDefaultInputs(135, 17) = Empty
    vntDefaultInputs(135, 18) = 1
    vntDefaultInputs(135, 19) = 6.2
    vntDefaultInputs(135, 20) = ""horizontal""
    vntDefaultInputs(135, 21) = 20
    vntDefaultInputs(135, 22) = 14
    vntDefaultInputs(135, 23) = Empty
    vntDefaultInputs(135, 24) = Empty
    vntDefaultInputs(135, 25) = Empty
    vntDefaultInputs(135, 26) = 168
    vntDefaultInputs(135, 27) = ""POTW""
    vntDefaultInputs(135, 28) = ""Holding tank""
    vntDefaultInputs(135, 29) = ""eductors""
    vntDefaultInputs(135, 30) = ""non-hazardous""
    vntDefaultInputs(135, 31) = Empty
    vntDefaultInputs(135, 32) = 0
    vntDefaultInputs(135, 33) = Empty
    vntDefaultInputs(135, 34) = Empty
    vntDefaultInputs(135, 35) = ""fully automated""
    vntDefaultInputs(135, 36) = Empty
    vntDefaultInputs(135, 37) = Empty
    vntDefaultInputs(135, 38) = Empty
    vntDefaultInputs(135, 39) = Empty
    vntDefaultInputs(135, 40) = Empty
    vntDefaultInputs(135, 41) = Empty
    vntDefaultInputs(135, 42) = Empty
    vntDefaultInputs(135, 43) = Empty
    vntDefaultInputs(135, 44) = Empty
    vntDefaultInputs(135, 45) = Empty
    vntDefaultInputs(135, 46) = Empty
    vntDefaultInputs(136, 1) = 9
    vntDefaultInputs(136, 2) = 1
    vntDefaultInputs(136, 3) = 7
    vntDefaultInputs(136, 4) = 22.614
    vntDefaultInputs(136, 5) = ""MGD""
    vntDefaultInputs(136, 6) = 11.066
    vntDefaultInputs(136, 7) = ""MGD""
    vntDefaultInputs(136, 8) = ""regeneration off-site (non-hazardous)""
    vntDefaultInputs(136, 9) = ""carbon life value- bed volumes""
    vntDefaultInputs(136, 10) = 21600
    vntDefaultInputs(136, 11) = Empty
    vntDefaultInputs(136, 12) = Empty
    vntDefaultInputs(136, 13) = Empty
    vntDefaultInputs(136, 14) = ""EBCT""
    vntDefaultInputs(136, 15) = 7.5
    vntDefaultInputs(136, 16) = Empty
    vntDefaultInputs(136, 17) = Empty
    vntDefaultInputs(136, 18) = 1
    vntDefaultInputs(136, 19) = 7.1
    vntDefaultInputs(136, 20) = ""horizontal""
    vntDefaultInputs(136, 21) = 20
    vntDefaultInputs(136, 22) = 14
    vntDefaultInputs(136, 23) = Empty
    vntDefaultInputs(136, 24) = Empty
    vntDefaultInputs(136, 25) = Empty
    vntDefaultInputs(136, 26) = 168
    vntDefaultInputs(136, 27) = ""POTW""
    vntDefaultInputs(136, 28) = ""Holding tank""
    vntDefaultInputs(136, 29) = ""eductors""
    vntDefaultInputs(136, 30) = ""non-hazardous""
    vntDefaultInputs(136, 31) = Empty
    vntDefaultInputs(136, 32) = 0
    vntDefaultInputs(136, 33) = Empty
    vntDefaultInputs(136, 34) = Empty
    vntDefaultInputs(136, 35) = ""fully automated""
    vntDefaultInputs(136, 36) = Empty
    vntDefaultInputs(136, 37) = Empty
    vntDefaultInputs(136, 38) = Empty
    vntDefaultInputs(136, 39) = Empty
    vntDefaultInputs(136, 40) = Empty
    vntDefaultInputs(136, 41) = Empty
    vntDefaultInputs(136, 42) = Empty
    vntDefaultInputs(136, 43) = Empty
    vntDefaultInputs(136, 44) = Empty
    vntDefaultInputs(136, 45) = Empty
    vntDefaultInputs(136, 46) = Empty
    vntDefaultInputs(137, 1) = 9
    vntDefaultInputs(137, 2) = 1
    vntDefaultInputs(137, 3) = 8
    vntDefaultInputs(137, 4) = 75.072
    vntDefaultInputs(137, 5) = ""MGD""
    vntDefaultInputs(137, 6) = 37.536
    vntDefaultInputs(137, 7) = ""MGD""
    vntDefaultInputs(137, 8) = ""regeneration off-site (non-hazardous)""
    vntDefaultInputs(137, 9) = ""carbon life value- bed volumes""
    vntDefaultInputs(137, 10) = 21600
    vntDefaultInputs(137, 11) = Empty
    vntDefaultInputs(137, 12) = Empty
    vntDefaultInputs(137, 13) = Empty
    vntDefaultInputs(137, 14) = ""EBCT""
    vntDefaultInputs(137, 15) = 7.5
    vntDefaultInputs(137, 16) = Empty
    vntDefaultInputs(137, 17) = Empty
    vntDefaultInputs(137, 18) = 1
    vntDefaultInputs(137, 19) = 7.2
    vntDefaultInputs(137, 20) = ""horizontal""
    vntDefaultInputs(137, 21) = 20
    vntDefaultInputs(137, 22) = 14
    vntDefaultInputs(137, 23) = Empty
    vntDefaultInputs(137, 24) = Empty
    vntDefaultInputs(137, 25) = Empty
    vntDefaultInputs(137, 26) = 168
    vntDefaultInputs(137, 27) = ""POTW""
    vntDefaultInputs(137, 28) = ""Holding tank""
    vntDefaultInputs(137, 29) = ""eductors""
    vntDefaultInputs(137, 30) = ""non-hazardous""
    vntDefaultInputs(137, 31) = Empty
    vntDefaultInputs(137, 32) = 0
    vntDefaultInputs(137, 33) = Empty
    vntDefaultInputs(137, 34) = Empty
    vntDefaultInputs(137, 35) = ""fully automated""
    vntDefaultInputs(137, 36) = Empty
    vntDefaultInputs(137, 37) = Empty
    vntDefaultInputs(137, 38) = Empty
    vntDefaultInputs(137, 39) = Empty
    vntDefaultInputs(137, 40) = Empty
    vntDefaultInputs(137, 41) = Empty
    vntDefaultInputs(137, 42) = Empty
    vntDefaultInputs(137, 43) = Empty
    vntDefaultInputs(137, 44) = Empty
    vntDefaultInputs(137, 45) = Empty
    vntDefaultInputs(137, 46) = Empty
    vntDefaultInputs(138, 1) = 9
    vntDefaultInputs(138, 2) = 2
    vntDefaultInputs(138, 3) = 1
    vntDefaultInputs(138, 4) = 0.03
    vntDefaultInputs(138, 5) = ""MGD""
    vntDefaultInputs(138, 6) = 0.007
    vntDefaultInputs(138, 7) = ""MGD""
    vntDefaultInputs(138, 8) = ""regeneration off-site (non-hazardous)""
    vntDefaultInputs(138, 9) = ""carbon life value- bed volumes""
    vntDefaultInputs(138, 10) = 21600
    vntDefaultInputs(138, 11) = Empty
    vntDefaultInputs(138, 12) = Empty
    vntDefaultInputs(138, 13) = Empty
    vntDefaultInputs(138, 14) = ""EBCT""
    vntDefaultInputs(138, 15) = 7.5
    vntDefaultInputs(138, 16) = Empty
    vntDefaultInputs(138, 17) = Empty
    vntDefaultInputs(138, 18) = Empty
    vntDefaultInputs(138, 19) = Empty
    vntDefaultInputs(138, 20) = Empty
    vntDefaultInputs(138, 21) = Empty
    vntDefaultInputs(138, 22) = Empty
    vntDefaultInputs(138, 23) = 6
    vntDefaultInputs(138, 24) = 6
    vntDefaultInputs(138, 25) = 3
    vntDefaultInputs(138, 26) = 168
    vntDefaultInputs(138, 27) = ""POTW""
    vntDefaultInputs(138, 28) = ""holding tank""
    vntDefaultInputs(138, 29) = ""manual transfer""
    vntDefaultInputs(138, 30) = ""non-hazardous""
    vntDefaultInputs(138, 31) = Empty
    vntDefaultInputs(138, 32) = 0
    vntDefaultInputs(138, 33) = Empty
    vntDefaultInputs(138, 34) = Empty
    vntDefaultInputs(138, 35) = ""fully automated""
    vntDefaultInputs(138, 36) = Empty
    vntDefaultInputs(138, 37) = Empty
    vntDefaultInputs(138, 38) = Empty
    vntDefaultInputs(138, 39) = Empty
    vntDefaultInputs(138, 40) = Empty
    vntDefaultInputs(138, 41) = Empty
    vntDefaultInputs(138, 42) = Empty
    vntDefaultInputs(138, 43) = Empty
    vntDefaultInputs(138, 44) = Empty
    vntDefaultInputs(138, 45) = Empty
    vntDefaultInputs(138, 46) = Empty
    vntDefaultInputs(139, 1) = 9
    vntDefaultInputs(139, 2) = 2
    vntDefaultInputs(139, 3) = 2
    vntDefaultInputs(139, 4) = 0.124
    vntDefaultInputs(139, 5) = ""MGD""
    vntDefaultInputs(139, 6) = 0.035
    vntDefaultInputs(139, 7) = ""MGD""
    vntDefaultInputs(139, 8) = ""regeneration off-site (non-hazardous)""
    vntDefaultInputs(139, 9) = ""carbon life value- bed volumes""
    vntDefaultInputs(139, 10) = 21600
    vntDefaultInputs(139, 11) = Empty
    vntDefaultInputs(139, 12) = Empty
    vntDefaultInputs(139, 13) = Empty
    vntDefaultInputs(139, 14) = ""EBCT""
    vntDefaultInputs(139, 15) = 7.5
    vntDefaultInputs(139, 16) = Empty
    vntDefaultInputs(139, 17) = Empty
    vntDefaultInputs(139, 18) = Empty
    vntDefaultInputs(139, 19) = Empty
    vntDefaultInputs(139, 20) = Empty
    vntDefaultInputs(139, 21) = Empty
    vntDefaultInputs(139, 22) = Empty
    vntDefaultInputs(139, 23) = 6
    vntDefaultInputs(139, 24) = 6
    vntDefaultInputs(139, 25) = 3
    vntDefaultInputs(139, 26) = 168
    vntDefaultInputs(139, 27) = ""POTW""
    vntDefaultInputs(139, 28) = ""holding tank""
    vntDefaultInputs(139, 29) = ""manual transfer""
    vntDefaultInputs(139, 30) = ""non-hazardous""
    vntDefaultInputs(139, 31) = Empty
    vntDefaultInputs(139, 32) = 0
    vntDefaultInputs(139, 33) = Empty
    vntDefaultInputs(139, 34) = Empty
    vntDefaultInputs(139, 35) = ""fully automated""
    vntDefaultInputs(139, 36) = Empty
    vntDefaultInputs(139, 37) = Empty
    vntDefaultInputs(139, 38) = Empty
    vntDefaultInputs(139, 39) = Empty
    vntDefaultInputs(139, 40) = Empty
    vntDefaultInputs(139, 41) = Empty
    vntDefaultInputs(139, 42) = Empty
    vntDefaultInputs(139, 43) = Empty
    vntDefaultInputs(139, 44) = Empty
    vntDefaultInputs(139, 45) = Empty
    vntDefaultInputs(139, 46) = Empty
    vntDefaultInputs(140, 1) = 9
    vntDefaultInputs(140, 2) = 2
    vntDefaultInputs(140, 3) = 3
    vntDefaultInputs(140, 4) = 0.305
    vntDefaultInputs(140, 5) = ""MGD""
    vntDefaultInputs(140, 6) = 0.094
    vntDefaultInputs(140, 7) = ""MGD""
    vntDefaultInputs(140, 8) = ""regeneration off-site (non-hazardous)""
    vntDefaultInputs(140, 9) = ""carbon life value- bed volumes""
    vntDefaultInputs(140, 10) = 21600
    vntDefaultInputs(140, 11) = Empty
    vntDefaultInputs(140, 12) = Empty
    vntDefaultInputs(140, 13) = Empty
    vntDefaultInputs(140, 14) = ""EBCT""
    vntDefaultInputs(140, 15) = 7.5
    vntDefaultInputs(140, 16) = Empty
    vntDefaultInputs(140, 17) = Empty
    vntDefaultInputs(140, 18) = Empty
    vntDefaultInputs(140, 19) = Empty
    vntDefaultInputs(140, 20) = Empty
    vntDefaultInputs(140, 21) = Empty
    vntDefaultInputs(140, 22) = Empty
    vntDefaultInputs(140, 23) = 6
    vntDefaultInputs(140, 24) = 6
    vntDefaultInputs(140, 25) = 3
    vntDefaultInputs(140, 26) = 168
    vntDefaultInputs(140, 27) = ""POTW""
    vntDefaultInputs(140, 28) = ""holding tank""
    vntDefaultInputs(140, 29) = ""manual transfer""
    vntDefaultInputs(140, 30) = ""non-hazardous""
    vntDefaultInputs(140, 31) = Empty
    vntDefaultInputs(140, 32) = 0
    vntDefaultInputs(140, 33) = Empty
    vntDefaultInputs(140, 34) = Empty
    vntDefaultInputs(140, 35) = ""fully automated""
    vntDefaultInputs(140, 36) = Empty
    vntDefaultInputs(140, 37) = Empty
    vntDefaultInputs(140, 38) = Empty
    vntDefaultInputs(140, 39) = Empty
    vntDefaultInputs(140, 40) = Empty
    vntDefaultInputs(140, 41) = Empty
    vntDefaultInputs(140, 42) = Empty
    vntDefaultInputs(140, 43) = Empty
    vntDefaultInputs(140, 44) = Empty
    vntDefaultInputs(140, 45) = Empty
    vntDefaultInputs(140, 46) = Empty
    vntDefaultInputs(141, 1) = 9
    vntDefaultInputs(141, 2) = 2
    vntDefaultInputs(141, 3) = 4
    vntDefaultInputs(141, 4) = 0.74
    vntDefaultInputs(141, 5) = ""MGD""
    vntDefaultInputs(141, 6) = 0.251
    vntDefaultInputs(141, 7) = ""MGD""
    vntDefaultInputs(141, 8) = ""regeneration off-site (non-hazardous)""
    vntDefaultInputs(141, 9) = ""carbon life value- bed volumes""
    vntDefaultInputs(141, 10) = 21600
    vntDefaultInputs(141, 11) = Empty
    vntDefaultInputs(141, 12) = Empty
    vntDefaultInputs(141, 13) = Empty
    vntDefaultInputs(141, 14) = ""EBCT""
    vntDefaultInputs(141, 15) = 7.5
    vntDefaultInputs(141, 16) = Empty
    vntDefaultInputs(141, 17) = Empty
    vntDefaultInputs(141, 18) = Empty
    vntDefaultInputs(141, 19) = Empty
    vntDefaultInputs(141, 20) = Empty
    vntDefaultInputs(141, 21) = Empty
    vntDefaultInputs(141, 22) = Empty
    vntDefaultInputs(141, 23) = 7
    vntDefaultInputs(141, 24) = 7
    vntDefaultInputs(141, 25) = 5.3
    vntDefaultInputs(141, 26) = 168
    vntDefaultInputs(141, 27) = ""POTW""
    vntDefaultInputs(141, 28) = ""holding tank""
    vntDefaultInputs(141, 29) = ""manual transfer""
    vntDefaultInputs(141, 30) = ""non-hazardous""
    vntDefaultInputs(141, 31) = Empty
    vntDefaultInputs(141, 32) = 0
    vntDefaultInputs(141, 33) = Empty
    vntDefaultInputs(141, 34) = Empty
    vntDefaultInputs(141, 35) = ""fully automated""
    vntDefaultInputs(141, 36) = Empty
    vntDefaultInputs(141, 37) = Empty
    vntDefaultInputs(141, 38) = Empty
    vntDefaultInputs(141, 39) = Empty
    vntDefaultInputs(141, 40) = Empty
    vntDefaultInputs(141, 41) = Empty
    vntDefaultInputs(141, 42) = Empty
    vntDefaultInputs(141, 43) = Empty
    vntDefaultInputs(141, 44) = Empty
    vntDefaultInputs(141, 45) = Empty
    vntDefaultInputs(141, 46) = Empty
    vntDefaultInputs(142, 1) = 9
    vntDefaultInputs(142, 2) = 2
    vntDefaultInputs(142, 3) = 5
    vntDefaultInputs(142, 4) = 2.152
    vntDefaultInputs(142, 5) = ""MGD""
    vntDefaultInputs(142, 6) = 0.819
    vntDefaultInputs(142, 7) = ""MGD""
    vntDefaultInputs(142, 8) = ""regeneration off-site (non-hazardous)""
    vntDefaultInputs(142, 9) = ""carbon life value- bed volumes""
    vntDefaultInputs(142, 10) = 21600
    vntDefaultInputs(142, 11) = Empty
    vntDefaultInputs(142, 12) = Empty
    vntDefaultInputs(142, 13) = Empty
    vntDefaultInputs(142, 14) = ""EBCT""
    vntDefaultInputs(142, 15) = 7.5
    vntDefaultInputs(142, 16) = Empty
    vntDefaultInputs(142, 17) = Empty
    vntDefaultInputs(142, 18) = Empty
    vntDefaultInputs(142, 19) = Empty
    vntDefaultInputs(142, 20) = Empty
    vntDefaultInputs(142, 21) = Empty
    vntDefaultInputs(142, 22) = Empty
    vntDefaultInputs(142, 23) = 8
    vntDefaultInputs(142, 24) = 8
    vntDefaultInputs(142, 25) = 7.9
    vntDefaultInputs(142, 26) = 168
    vntDefaultInputs(142, 27) = ""POTW""
    vntDefaultInputs(142, 28) = ""holding tank""
    vntDefaultInputs(142, 29) = ""manual transfer""
    vntDefaultInputs(142, 30) = ""non-hazardous""
    vntDefaultInputs(142, 31) = Empty
    vntDefaultInputs(142, 32) = 0
    vntDefaultInputs(142, 33) = Empty
    vntDefaultInputs(142, 34) = Empty
    vntDefaultInputs(142, 35) = ""fully automated""
    vntDefaultInputs(142, 36) = Empty
    vntDefaultInputs(142, 37) = Empty
    vntDefaultInputs(142, 38) = Empty
    vntDefaultInputs(142, 39) = Empty
    vntDefaultInputs(142, 40) = Empty
    vntDefaultInputs(142, 41) = Empty
    vntDefaultInputs(142, 42) = Empty
    vntDefaultInputs(142, 43) = Empty
    vntDefaultInputs(142, 44) = Empty
    vntDefaultInputs(142, 45) = Empty
    vntDefaultInputs(142, 46) = Empty
    vntDefaultInputs(143, 1) = 9
    vntDefaultInputs(143, 2) = 2
    vntDefaultInputs(143, 3) = 6
    vntDefaultInputs(143, 4) = 7.365
    vntDefaultInputs(143, 5) = ""MGD""
    vntDefaultInputs(143, 6) = 3.2
    vntDefaultInputs(143, 7) = ""MGD""
    vntDefaultInputs(143, 8) = ""regeneration off-site (non-hazardous)""
    vntDefaultInputs(143, 9) = ""carbon life value- bed volumes""
    vntDefaultInputs(143, 10) = 21600
    vntDefaultInputs(143, 11) = Empty
    vntDefaultInputs(143, 12) = Empty
    vntDefaultInputs(143, 13) = Empty
    vntDefaultInputs(143, 14) = ""EBCT""
    vntDefaultInputs(143, 15) = 7.5
    vntDefaultInputs(143, 16) = Empty
    vntDefaultInputs(143, 17) = Empty
    vntDefaultInputs(143, 18) = Empty
    vntDefaultInputs(143, 19) = Empty
    vntDefaultInputs(143, 20) = Empty
    vntDefaultInputs(143, 21) = Empty
    vntDefaultInputs(143, 22) = Empty
    vntDefaultInputs(143, 23) = 11.5
    vntDefaultInputs(143, 24) = 11.5
    vntDefaultInputs(143, 25) = 7.8
    vntDefaultInputs(143, 26) = 168
    vntDefaultInputs(143, 27) = ""POTW""
    vntDefaultInputs(143, 28) = ""holding tank""
    vntDefaultInputs(143, 29) = ""eductors""
    vntDefaultInputs(143, 30) = ""non-hazardous""
    vntDefaultInputs(143, 31) = Empty
    vntDefaultInputs(143, 32) = 0
    vntDefaultInputs(143, 33) = Empty
    vntDefaultInputs(143, 34) = Empty
    vntDefaultInputs(143, 35) = ""fully automated""
    vntDefaultInputs(143, 36) = Empty
    vntDefaultInputs(143, 37) = Empty
    vntDefaultInputs(143, 38) = Empty
    vntDefaultInputs(143, 39) = Empty
    vntDefaultInputs(143, 40) = Empty
    vntDefaultInputs(143, 41) = Empty
    vntDefaultInputs(143, 42) = Empty
    vntDefaultInputs(143, 43) = Empty
    vntDefaultInputs(143, 44) = Empty
    vntDefaultInputs(143, 45) = Empty
    vntDefaultInputs(143, 46) = Empty
    vntDefaultInputs(144, 1) = 9
    vntDefaultInputs(144, 2) = 2
    vntDefaultInputs(144, 3) = 7
    vntDefaultInputs(144, 4) = 22.614
    vntDefaultInputs(144, 5) = ""MGD""
    vntDefaultInputs(144, 6) = 11.066
    vntDefaultInputs(144, 7) = ""MGD""
    vntDefaultInputs(144, 8) = ""regeneration off-site (non-hazardous)""
    vntDefaultInputs(144, 9) = ""carbon life value- bed volumes""
    vntDefaultInputs(144, 10) = 21600
    vntDefaultInputs(144, 11) = Empty
    vntDefaultInputs(144, 12) = Empty
    vntDefaultInputs(144, 13) = Empty
    vntDefaultInputs(144, 14) = ""EBCT""
    vntDefaultInputs(144, 15) = 7.5
    vntDefaultInputs(144, 16) = Empty
    vntDefaultInputs(144, 17) = Empty
    vntDefaultInputs(144, 18) = Empty
    vntDefaultInputs(144, 19) = Empty
    vntDefaultInputs(144, 20) = Empty
    vntDefaultInputs(144, 21) = Empty
    vntDefaultInputs(144, 22) = Empty
    vntDefaultInputs(144, 23) = 15
    vntDefaultInputs(144, 24) = 15
    vntDefaultInputs(144, 25) = 7.8
    vntDefaultInputs(144, 26) = 168
    vntDefaultInputs(144, 27) = ""POTW""
    vntDefaultInputs(144, 28) = ""holding tank""
    vntDefaultInputs(144, 29) = ""eductors""
    vntDefaultInputs(144, 30) = ""non-hazardous""
    vntDefaultInputs(144, 31) = Empty
    vntDefaultInputs(144, 32) = 0
    vntDefaultInputs(144, 33) = Empty
    vntDefaultInputs(144, 34) = Empty
    vntDefaultInputs(144, 35) = ""fully automated""
    vntDefaultInputs(144, 36) = Empty
    vntDefaultInputs(144, 37) = Empty
    vntDefaultInputs(144, 38) = Empty
    vntDefaultInputs(144, 39) = Empty
    vntDefaultInputs(144, 40) = Empty
    vntDefaultInputs(144, 41) = Empty
    vntDefaultInputs(144, 42) = Empty
    vntDefaultInputs(144, 43) = Empty
    vntDefaultInputs(144, 44) = Empty
    vntDefaultInputs(144, 45) = Empty
    vntDefaultInputs(144, 46) = Empty
    vntDefaultInputs(145, 1) = 9
    vntDefaultInputs(145, 2) = 2
    vntDefaultInputs(145, 3) = 8
    vntDefaultInputs(145, 4) = 75.072
    vntDefaultInputs(145, 5) = ""MGD""
    vntDefaultInputs(145, 6) = 37.536
    vntDefaultInputs(145, 7) = ""MGD""
    vntDefaultInputs(145, 8) = ""regeneration off-site (non-hazardous)""
    vntDefaultInputs(145, 9) = ""carbon life value- bed volumes""
    vntDefaultInputs(145, 10) = 21600
    vntDefaultInputs(145, 11) = Empty
    vntDefaultInputs(145, 12) = Empty
    vntDefaultInputs(145, 13) = Empty
    vntDefaultInputs(145, 14) = ""EBCT""
    vntDefaultInputs(145, 15) = 7.5
    vntDefaultInputs(145, 16) = Empty
    vntDefaultInputs(145, 17) = Empty
    vntDefaultInputs(145, 18) = Empty
    vntDefaultInputs(145, 19) = Empty
    vntDefaultInputs(145, 20) = Empty
    vntDefaultInputs(145, 21) = Empty
    vntDefaultInputs(145, 22) = Empty
    vntDefaultInputs(145, 23) = 30
    vntDefaultInputs(145, 24) = 30
    vntDefaultInputs(145, 25) = 9.7
    vntDefaultInputs(145, 26) = 168
    vntDefaultInputs(145, 27) = ""POTW""
    vntDefaultInputs(145, 28) = ""holding tank""
    vntDefaultInputs(145, 29) = ""eductors""
    vntDefaultInputs(145, 30) = ""non-hazardous""
    vntDefaultInputs(145, 31) = Empty
    vntDefaultInputs(145, 32) = 0
    vntDefaultInputs(145, 33) = Empty
    vntDefaultInputs(145, 34) = Empty
    vntDefaultInputs(145, 35) = ""fully automated""
    vntDefaultInputs(145, 36) = Empty
    vntDefaultInputs(145, 37) = Empty
    vntDefaultInputs(145, 38) = Empty
    vntDefaultInputs(145, 39) = Empty
    vntDefaultInputs(145, 40) = Empty
    vntDefaultInputs(145, 41) = Empty
    vntDefaultInputs(145, 42) = Empty
    vntDefaultInputs(145, 43) = Empty
    vntDefaultInputs(145, 44) = Empty
    vntDefaultInputs(145, 45) = Empty
    vntDefaultInputs(145, 46) = Empty
      
    rngStdInputs1 = vntDefaultInputs
End Sub
    Sub RestoreInputs4()
    Dim vntDefaultInputs(146 To 193, 1 To 46) As Variant
    Dim wsStdInputs As Worksheet
    Dim rngStdInputs1 As Range
    
    Set wsStdInputs = ThisWorkbook.Worksheets(STDIN_WSN)
    Set rngStdInputs1 = wsStdInputs.Range(""A153"", ""AT200"")
    
    vntDefaultInputs(146, 1) = 10
    vntDefaultInputs(146, 2) = 1
    vntDefaultInputs(146, 3) = 1
    vntDefaultInputs(146, 4) = 0.03
    vntDefaultInputs(146, 5) = ""MGD""
    vntDefaultInputs(146, 6) = 0.007
    vntDefaultInputs(146, 7) = ""MGD""
    vntDefaultInputs(146, 8) = ""regeneration off-site (non-hazardous)""
    vntDefaultInputs(146, 9) = ""carbon life value- bed volumes""
    vntDefaultInputs(146, 10) = 21600
    vntDefaultInputs(146, 11) = Empty
    vntDefaultInputs(146, 12) = Empty
    vntDefaultInputs(146, 13) = Empty
    vntDefaultInputs(146, 14) = ""EBCT""
    vntDefaultInputs(146, 15) = 7.5
    vntDefaultInputs(146, 16) = Empty
    vntDefaultInputs(146, 17) = Empty
    vntDefaultInputs(146, 18) = 1
    vntDefaultInputs(146, 19) = 3.4
    vntDefaultInputs(146, 20) = ""upright""
    vntDefaultInputs(146, 21) = 6
    vntDefaultInputs(146, 22) = 2
    vntDefaultInputs(146, 23) = Empty
    vntDefaultInputs(146, 24) = Empty
    vntDefaultInputs(146, 25) = Empty
    vntDefaultInputs(146, 26) = 168
    vntDefaultInputs(146, 27) = ""POTW""
    vntDefaultInputs(146, 28) = ""no holding tank""
    vntDefaultInputs(146, 29) = ""manual transfer""
    vntDefaultInputs(146, 30) = Empty
    vntDefaultInputs(146, 31) = Empty
    vntDefaultInputs(146, 32) = 0
    vntDefaultInputs(146, 33) = Empty
    vntDefaultInputs(146, 34) = Empty
    vntDefaultInputs(146, 35) = ""fully automated""
    vntDefaultInputs(146, 36) = Empty
    vntDefaultInputs(146, 37) = Empty
    vntDefaultInputs(146, 38) = Empty
    vntDefaultInputs(146, 39) = Empty
    vntDefaultInputs(146, 40) = Empty
    vntDefaultInputs(146, 41) = Empty
    vntDefaultInputs(146, 42) = Empty
    vntDefaultInputs(146, 43) = Empty
    vntDefaultInputs(146, 44) = Empty
    vntDefaultInputs(146, 45) = Empty
    vntDefaultInputs(146, 46) = Empty
    vntDefaultInputs(147, 1) = 10
    vntDefaultInputs(147, 2) = 1
    vntDefaultInputs(147, 3) = 2
    vntDefaultInputs(147, 4) = 0.124
    vntDefaultInputs(147, 5) = ""MGD""
    vntDefaultInputs(147, 6) = 0.035
    vntDefaultInputs(147, 7) = ""MGD""
    vntDefaultInputs(147, 8) = ""regeneration off-site (non-hazardous)""
    vntDefaultInputs(147, 9) = ""carbon life value- bed volumes""
    vntDefaultInputs(147, 10) = 21600
    vntDefaultInputs(147, 11) = Empty
    vntDefaultInputs(147, 12) = Empty
    vntDefaultInputs(147, 13) = Empty
    vntDefaultInputs(147, 14) = ""EBCT""
    vntDefaultInputs(147, 15) = 7.5
    vntDefaultInputs(147, 16) = Empty
    vntDefaultInputs(147, 17) = Empty
    vntDefaultInputs(147, 18) = 1
    vntDefaultInputs(147, 19) = 6.9
    vntDefaultInputs(147, 20) = ""upright""
    vntDefaultInputs(147, 21) = 11
    vntDefaultInputs(147, 22) = 4
    vntDefaultInputs(147, 23) = Empty
    vntDefaultInputs(147, 24) = Empty
    vntDefaultInputs(147, 25) = Empty
    vntDefaultInputs(147, 26) = 168
    vntDefaultInputs(147, 27) = ""POTW""
    vntDefaultInputs(147, 28) = ""Holding tank""
    vntDefaultInputs(147, 29) = ""manual transfer""
    vntDefaultInputs(147, 30) = ""non-hazardous""
    vntDefaultInputs(147, 31) = Empty
    vntDefaultInputs(147, 32) = 0
    vntDefaultInputs(147, 33) = Empty
    vntDefaultInputs(147, 34) = Empty
    vntDefaultInputs(147, 35) = ""fully automated""
    vntDefaultInputs(147, 36) = Empty
    vntDefaultInputs(147, 37) = Empty
    vntDefaultInputs(147, 38) = Empty
    vntDefaultInputs(147, 39) = Empty
    vntDefaultInputs(147, 40) = Empty
    vntDefaultInputs(147, 41) = Empty
    vntDefaultInputs(147, 42) = Empty
    vntDefaultInputs(147, 43) = Empty
    vntDefaultInputs(147, 44) = Empty
    vntDefaultInputs(147, 45) = Empty
    vntDefaultInputs(147, 46) = Empty
    vntDefaultInputs(148, 1) = 10
    vntDefaultInputs(148, 2) = 1
    vntDefaultInputs(148, 3) = 3
    vntDefaultInputs(148, 4) = 0.305
    vntDefaultInputs(148, 5) = ""MGD""
    vntDefaultInputs(148, 6) = 0.094
    vntDefaultInputs(148, 7) = ""MGD""
    vntDefaultInputs(148, 8) = ""regeneration off-site (non-hazardous)""
    vntDefaultInputs(148, 9) = ""carbon life value- bed volumes""
    vntDefaultInputs(148, 10) = 21600
    vntDefaultInputs(148, 11) = Empty
    vntDefaultInputs(148, 12) = Empty
    vntDefaultInputs(148, 13) = Empty
    vntDefaultInputs(148, 14) = ""EBCT""
    vntDefaultInputs(148, 15) = 7.5
    vntDefaultInputs(148, 16) = Empty
    vntDefaultInputs(148, 17) = Empty
    vntDefaultInputs(148, 18) = 1
    vntDefaultInputs(148, 19) = 6.7
    vntDefaultInputs(148, 20) = ""upright""
    vntDefaultInputs(148, 21) = 11
    vntDefaultInputs(148, 22) = 4.5
    vntDefaultInputs(148, 23) = Empty
    vntDefaultInputs(148, 24) = Empty
    vntDefaultInputs(148, 25) = Empty
    vntDefaultInputs(148, 26) = 168
    vntDefaultInputs(148, 27) = ""POTW""
    vntDefaultInputs(148, 28) = ""Holding tank""
    vntDefaultInputs(148, 29) = ""manual transfer""
    vntDefaultInputs(148, 30) = ""non-hazardous""
    vntDefaultInputs(148, 31) = Empty
    vntDefaultInputs(148, 32) = 0
    vntDefaultInputs(148, 33) = Empty
    vntDefaultInputs(148, 34) = Empty
    vntDefaultInputs(148, 35) = ""fully automated""
    vntDefaultInputs(148, 36) = Empty
    vntDefaultInputs(148, 37) = Empty
    vntDefaultInputs(148, 38) = Empty
    vntDefaultInputs(148, 39) = Empty
    vntDefaultInputs(148, 40) = Empty
    vntDefaultInputs(148, 41) = Empty
    vntDefaultInputs(148, 42) = Empty
    vntDefaultInputs(148, 43) = Empty
    vntDefaultInputs(148, 44) = Empty
    vntDefaultInputs(148, 45) = Empty
    vntDefaultInputs(148, 46) = Empty
    vntDefaultInputs(149, 1) = 10
    vntDefaultInputs(149, 2) = 1
    vntDefaultInputs(149, 3) = 4
    vntDefaultInputs(149, 4) = 0.74
    vntDefaultInputs(149, 5) = ""MGD""
    vntDefaultInputs(149, 6) = 0.251
    vntDefaultInputs(149, 7) = ""MGD""
    vntDefaultInputs(149, 8) = ""regeneration off-site (non-hazardous)""
    vntDefaultInputs(149, 9) = ""carbon life value- bed volumes""
    vntDefaultInputs(149, 10) = 21600
    vntDefaultInputs(149, 11) = Empty
    vntDefaultInputs(149, 12) = Empty
    vntDefaultInputs(149, 13) = Empty
    vntDefaultInputs(149, 14) = ""EBCT""
    vntDefaultInputs(149, 15) = 7.5
    vntDefaultInputs(149, 16) = Empty
    vntDefaultInputs(149, 17) = Empty
    vntDefaultInputs(149, 18) = 1
    vntDefaultInputs(149, 19) = 6.7
    vntDefaultInputs(149, 20) = ""upright""
    vntDefaultInputs(149, 21) = 11
    vntDefaultInputs(149, 22) = 7
    vntDefaultInputs(149, 23) = Empty
    vntDefaultInputs(149, 24) = Empty
    vntDefaultInputs(149, 25) = Empty
    vntDefaultInputs(149, 26) = 168
    vntDefaultInputs(149, 27) = ""POTW""
    vntDefaultInputs(149, 28) = ""Holding tank""
    vntDefaultInputs(149, 29) = ""manual transfer""
    vntDefaultInputs(149, 30) = ""non-hazardous""
    vntDefaultInputs(149, 31) = Empty
    vntDefaultInputs(149, 32) = 0
    vntDefaultInputs(149, 33) = Empty
    vntDefaultInputs(149, 34) = Empty
    vntDefaultInputs(149, 35) = ""fully automated""
    vntDefaultInputs(149, 36) = Empty
    vntDefaultInputs(149, 37) = Empty
    vntDefaultInputs(149, 38) = Empty
    vntDefaultInputs(149, 39) = Empty
    vntDefaultInputs(149, 40) = Empty
    vntDefaultInputs(149, 41) = Empty
    vntDefaultInputs(149, 42) = Empty
    vntDefaultInputs(149, 43) = Empty
    vntDefaultInputs(149, 44) = Empty
    vntDefaultInputs(149, 45) = Empty
    vntDefaultInputs(149, 46) = Empty
    vntDefaultInputs(150, 1) = 10
    vntDefaultInputs(150, 2) = 1
    vntDefaultInputs(150, 3) = 5
    vntDefaultInputs(150, 4) = 2.152
    vntDefaultInputs(150, 5) = ""MGD""
    vntDefaultInputs(150, 6) = 0.819
    vntDefaultInputs(150, 7) = ""MGD""
    vntDefaultInputs(150, 8) = ""regeneration off-site (non-hazardous)""
    vntDefaultInputs(150, 9) = ""carbon life value- bed volumes""
    vntDefaultInputs(150, 10) = 21600
    vntDefaultInputs(150, 11) = Empty
    vntDefaultInputs(150, 12) = Empty
    vntDefaultInputs(150, 13) = Empty
    vntDefaultInputs(150, 14) = ""EBCT""
    vntDefaultInputs(150, 15) = 7.5
    vntDefaultInputs(150, 16) = Empty
    vntDefaultInputs(150, 17) = Empty
    vntDefaultInputs(150, 18) = 1
    vntDefaultInputs(150, 19) = 6.7
    vntDefaultInputs(150, 20) = ""upright""
    vntDefaultInputs(150, 21) = 11
    vntDefaultInputs(150, 22) = 8.5
    vntDefaultInputs(150, 23) = Empty
    vntDefaultInputs(150, 24) = Empty
    vntDefaultInputs(150, 25) = Empty
    vntDefaultInputs(150, 26) = 168
    vntDefaultInputs(150, 27) = ""POTW""
    vntDefaultInputs(150, 28) = ""Holding tank""
    vntDefaultInputs(150, 29) = ""manual transfer""
    vntDefaultInputs(150, 30) = ""non-hazardous""
    vntDefaultInputs(150, 31) = Empty
    vntDefaultInputs(150, 32) = 0
    vntDefaultInputs(150, 33) = Empty
    vntDefaultInputs(150, 34) = Empty
    vntDefaultInputs(150, 35) = ""fully automated""
    vntDefaultInputs(150, 36) = Empty
    vntDefaultInputs(150, 37) = Empty
    vntDefaultInputs(150, 38) = Empty
    vntDefaultInputs(150, 39) = Empty
    vntDefaultInputs(150, 40) = Empty
    vntDefaultInputs(150, 41) = Empty
    vntDefaultInputs(150, 42) = Empty
    vntDefaultInputs(150, 43) = Empty
    vntDefaultInputs(150, 44) = Empty
    vntDefaultInputs(150, 45) = Empty
    vntDefaultInputs(150, 46) = Empty
    vntDefaultInputs(151, 1) = 10
    vntDefaultInputs(151, 2) = 1
    vntDefaultInputs(151, 3) = 6
    vntDefaultInputs(151, 4) = 7.365
    vntDefaultInputs(151, 5) = ""MGD""
    vntDefaultInputs(151, 6) = 3.2
    vntDefaultInputs(151, 7) = ""MGD""
    vntDefaultInputs(151, 8) = ""regeneration off-site (non-hazardous)""
    vntDefaultInputs(151, 9) = ""carbon life value- bed volumes""
    vntDefaultInputs(151, 10) = 21600
    vntDefaultInputs(151, 11) = Empty
    vntDefaultInputs(151, 12) = Empty
    vntDefaultInputs(151, 13) = Empty
    vntDefaultInputs(151, 14) = ""EBCT""
    vntDefaultInputs(151, 15) = 7.5
    vntDefaultInputs(151, 16) = Empty
    vntDefaultInputs(151, 17) = Empty
    vntDefaultInputs(151, 18) = 1
    vntDefaultInputs(151, 19) = 6.2
    vntDefaultInputs(151, 20) = ""horizontal""
    vntDefaultInputs(151, 21) = 20
    vntDefaultInputs(151, 22) = 14
    vntDefaultInputs(151, 23) = Empty
    vntDefaultInputs(151, 24) = Empty
    vntDefaultInputs(151, 25) = Empty
    vntDefaultInputs(151, 26) = 168
    vntDefaultInputs(151, 27) = ""POTW""
    vntDefaultInputs(151, 28) = ""Holding tank""
    vntDefaultInputs(151, 29) = ""eductors""
    vntDefaultInputs(151, 30) = ""non-hazardous""
    vntDefaultInputs(151, 31) = Empty
    vntDefaultInputs(151, 32) = 0
    vntDefaultInputs(151, 33) = Empty
    vntDefaultInputs(151, 34) = Empty
    vntDefaultInputs(151, 35) = ""fully automated""
    vntDefaultInputs(151, 36) = Empty
    vntDefaultInputs(151, 37) = Empty
    vntDefaultInputs(151, 38) = Empty
    vntDefaultInputs(151, 39) = Empty
    vntDefaultInputs(151, 40) = Empty
    vntDefaultInputs(151, 41) = Empty
    vntDefaultInputs(151, 42) = Empty
    vntDefaultInputs(151, 43) = Empty
    vntDefaultInputs(151, 44) = Empty
    vntDefaultInputs(151, 45) = Empty
    vntDefaultInputs(151, 46) = Empty
    vntDefaultInputs(152, 1) = 10
    vntDefaultInputs(152, 2) = 1
    vntDefaultInputs(152, 3) = 7
    vntDefaultInputs(152, 4) = 22.614
    vntDefaultInputs(152, 5) = ""MGD""
    vntDefaultInputs(152, 6) = 11.066
    vntDefaultInputs(152, 7) = ""MGD""
    vntDefaultInputs(152, 8) = ""regeneration off-site (non-hazardous)""
    vntDefaultInputs(152, 9) = ""carbon life value- bed volumes""
    vntDefaultInputs(152, 10) = 21600
    vntDefaultInputs(152, 11) = Empty
    vntDefaultInputs(152, 12) = Empty
    vntDefaultInputs(152, 13) = Empty
    vntDefaultInputs(152, 14) = ""EBCT""
    vntDefaultInputs(152, 15) = 7.5
    vntDefaultInputs(152, 16) = Empty
    vntDefaultInputs(152, 17) = Empty
    vntDefaultInputs(152, 18) = 1
    vntDefaultInputs(152, 19) = 7.1
    vntDefaultInputs(152, 20) = ""horizontal""
    vntDefaultInputs(152, 21) = 20
    vntDefaultInputs(152, 22) = 14
    vntDefaultInputs(152, 23) = Empty
    vntDefaultInputs(152, 24) = Empty
    vntDefaultInputs(152, 25) = Empty
    vntDefaultInputs(152, 26) = 168
    vntDefaultInputs(152, 27) = ""POTW""
    vntDefaultInputs(152, 28) = ""Holding tank""
    vntDefaultInputs(152, 29) = ""eductors""
    vntDefaultInputs(152, 30) = ""non-hazardous""
    vntDefaultInputs(152, 31) = Empty
    vntDefaultInputs(152, 32) = 0
    vntDefaultInputs(152, 33) = Empty
    vntDefaultInputs(152, 34) = Empty
    vntDefaultInputs(152, 35) = ""fully automated""
    vntDefaultInputs(152, 36) = Empty
    vntDefaultInputs(152, 37) = Empty
    vntDefaultInputs(152, 38) = Empty
    vntDefaultInputs(152, 39) = Empty
    vntDefaultInputs(152, 40) = Empty
    vntDefaultInputs(152, 41) = Empty
    vntDefaultInputs(152, 42) = Empty
    vntDefaultInputs(152, 43) = Empty
    vntDefaultInputs(152, 44) = Empty
    vntDefaultInputs(152, 45) = Empty
    vntDefaultInputs(152, 46) = Empty
    vntDefaultInputs(153, 1) = 10
    vntDefaultInputs(153, 2) = 1
    vntDefaultInputs(153, 3) = 8
    vntDefaultInputs(153, 4) = 75.072
    vntDefaultInputs(153, 5) = ""MGD""
    vntDefaultInputs(153, 6) = 37.536
    vntDefaultInputs(153, 7) = ""MGD""
    vntDefaultInputs(153, 8) = ""regeneration off-site (non-hazardous)""
    vntDefaultInputs(153, 9) = ""carbon life value- bed volumes""
    vntDefaultInputs(153, 10) = 21600
    vntDefaultInputs(153, 11) = Empty
    vntDefaultInputs(153, 12) = Empty
    vntDefaultInputs(153, 13) = Empty
    vntDefaultInputs(153, 14) = ""EBCT""
    vntDefaultInputs(153, 15) = 7.5
    vntDefaultInputs(153, 16) = Empty
    vntDefaultInputs(153, 17) = Empty
    vntDefaultInputs(153, 18) = 1
    vntDefaultInputs(153, 19) = 7.2
    vntDefaultInputs(153, 20) = ""horizontal""
    vntDefaultInputs(153, 21) = 20
    vntDefaultInputs(153, 22) = 14
    vntDefaultInputs(153, 23) = Empty
    vntDefaultInputs(153, 24) = Empty
    vntDefaultInputs(153, 25) = Empty
    vntDefaultInputs(153, 26) = 168
    vntDefaultInputs(153, 27) = ""POTW""
    vntDefaultInputs(153, 28) = ""Holding tank""
    vntDefaultInputs(153, 29) = ""eductors""
    vntDefaultInputs(153, 30) = ""non-hazardous""
    vntDefaultInputs(153, 31) = Empty
    vntDefaultInputs(153, 32) = 0
    vntDefaultInputs(153, 33) = Empty
    vntDefaultInputs(153, 34) = Empty
    vntDefaultInputs(153, 35) = ""fully automated""
    vntDefaultInputs(153, 36) = Empty
    vntDefaultInputs(153, 37) = Empty
    vntDefaultInputs(153, 38) = Empty
    vntDefaultInputs(153, 39) = Empty
    vntDefaultInputs(153, 40) = Empty
    vntDefaultInputs(153, 41) = Empty
    vntDefaultInputs(153, 42) = Empty
    vntDefaultInputs(153, 43) = Empty
    vntDefaultInputs(153, 44) = Empty
    vntDefaultInputs(153, 45) = Empty
    vntDefaultInputs(153, 46) = Empty
    vntDefaultInputs(154, 1) = 10
    vntDefaultInputs(154, 2) = 2
    vntDefaultInputs(154, 3) = 1
    vntDefaultInputs(154, 4) = 0.03
    vntDefaultInputs(154, 5) = ""MGD""
    vntDefaultInputs(154, 6) = 0.007
    vntDefaultInputs(154, 7) = ""MGD""
    vntDefaultInputs(154, 8) = ""regeneration off-site (non-hazardous)""
    vntDefaultInputs(154, 9) = ""carbon life value- bed volumes""
    vntDefaultInputs(154, 10) = 21600
    vntDefaultInputs(154, 11) = Empty
    vntDefaultInputs(154, 12) = Empty
    vntDefaultInputs(154, 13) = Empty
    vntDefaultInputs(154, 14) = ""EBCT""
    vntDefaultInputs(154, 15) = 7.5
    vntDefaultInputs(154, 16) = Empty
    vntDefaultInputs(154, 17) = Empty
    vntDefaultInputs(154, 18) = Empty
    vntDefaultInputs(154, 19) = Empty
    vntDefaultInputs(154, 20) = Empty
    vntDefaultInputs(154, 21) = Empty
    vntDefaultInputs(154, 22) = Empty
    vntDefaultInputs(154, 23) = 6
    vntDefaultInputs(154, 24) = 6
    vntDefaultInputs(154, 25) = 3
    vntDefaultInputs(154, 26) = 168
    vntDefaultInputs(154, 27) = ""POTW""
    vntDefaultInputs(154, 28) = ""holding tank""
    vntDefaultInputs(154, 29) = ""manual transfer""
    vntDefaultInputs(154, 30) = ""non-hazardous""
    vntDefaultInputs(154, 31) = Empty
    vntDefaultInputs(154, 32) = 0
    vntDefaultInputs(154, 33) = Empty
    vntDefaultInputs(154, 34) = Empty
    vntDefaultInputs(154, 35) = ""fully automated""
    vntDefaultInputs(154, 36) = Empty
    vntDefaultInputs(154, 37) = Empty
    vntDefaultInputs(154, 38) = Empty
    vntDefaultInputs(154, 39) = Empty
    vntDefaultInputs(154, 40) = Empty
    vntDefaultInputs(154, 41) = Empty
    vntDefaultInputs(154, 42) = Empty
    vntDefaultInputs(154, 43) = Empty
    vntDefaultInputs(154, 44) = Empty
    vntDefaultInputs(154, 45) = Empty
    vntDefaultInputs(154, 46) = Empty
    vntDefaultInputs(155, 1) = 10
    vntDefaultInputs(155, 2) = 2
    vntDefaultInputs(155, 3) = 2
    vntDefaultInputs(155, 4) = 0.124
    vntDefaultInputs(155, 5) = ""MGD""
    vntDefaultInputs(155, 6) = 0.035
    vntDefaultInputs(155, 7) = ""MGD""
    vntDefaultInputs(155, 8) = ""regeneration off-site (non-hazardous)""
    vntDefaultInputs(155, 9) = ""carbon life value- bed volumes""
    vntDefaultInputs(155, 10) = 21600
    vntDefaultInputs(155, 11) = Empty
    vntDefaultInputs(155, 12) = Empty
    vntDefaultInputs(155, 13) = Empty
    vntDefaultInputs(155, 14) = ""EBCT""
    vntDefaultInputs(155, 15) = 7.5
    vntDefaultInputs(155, 16) = Empty
    vntDefaultInputs(155, 17) = Empty
    vntDefaultInputs(155, 18) = Empty
    vntDefaultInputs(155, 19) = Empty
    vntDefaultInputs(155, 20) = Empty
    vntDefaultInputs(155, 21) = Empty
    vntDefaultInputs(155, 22) = Empty
    vntDefaultInputs(155, 23) = 6
    vntDefaultInputs(155, 24) = 6
    vntDefaultInputs(155, 25) = 3
    vntDefaultInputs(155, 26) = 168
    vntDefaultInputs(155, 27) = ""POTW""
    vntDefaultInputs(155, 28) = ""holding tank""
    vntDefaultInputs(155, 29) = ""manual transfer""
    vntDefaultInputs(155, 30) = ""non-hazardous""
    vntDefaultInputs(155, 31) = Empty
    vntDefaultInputs(155, 32) = 0
    vntDefaultInputs(155, 33) = Empty
    vntDefaultInputs(155, 34) = Empty
    vntDefaultInputs(155, 35) = ""fully automated""
    vntDefaultInputs(155, 36) = Empty
    vntDefaultInputs(155, 37) = Empty
    vntDefaultInputs(155, 38) = Empty
    vntDefaultInputs(155, 39) = Empty
    vntDefaultInputs(155, 40) = Empty
    vntDefaultInputs(155, 41) = Empty
    vntDefaultInputs(155, 42) = Empty
    vntDefaultInputs(155, 43) = Empty
    vntDefaultInputs(155, 44) = Empty
    vntDefaultInputs(155, 45) = Empty
    vntDefaultInputs(155, 46) = Empty
    vntDefaultInputs(156, 1) = 10
    vntDefaultInputs(156, 2) = 2
    vntDefaultInputs(156, 3) = 3
    vntDefaultInputs(156, 4) = 0.305
    vntDefaultInputs(156, 5) = ""MGD""
    vntDefaultInputs(156, 6) = 0.094
    vntDefaultInputs(156, 7) = ""MGD""
    vntDefaultInputs(156, 8) = ""regeneration off-site (non-hazardous)""
    vntDefaultInputs(156, 9) = ""carbon life value- bed volumes""
    vntDefaultInputs(156, 10) = 21600
    vntDefaultInputs(156, 11) = Empty
    vntDefaultInputs(156, 12) = Empty
    vntDefaultInputs(156, 13) = Empty
    vntDefaultInputs(156, 14) = ""EBCT""
    vntDefaultInputs(156, 15) = 7.5
    vntDefaultInputs(156, 16) = Empty
    vntDefaultInputs(156, 17) = Empty
    vntDefaultInputs(156, 18) = Empty
    vntDefaultInputs(156, 19) = Empty
    vntDefaultInputs(156, 20) = Empty
    vntDefaultInputs(156, 21) = Empty
    vntDefaultInputs(156, 22) = Empty
    vntDefaultInputs(156, 23) = 6
    vntDefaultInputs(156, 24) = 6
    vntDefaultInputs(156, 25) = 3
    vntDefaultInputs(156, 26) = 168
    vntDefaultInputs(156, 27) = ""POTW""
    vntDefaultInputs(156, 28) = ""holding tank""
    vntDefaultInputs(156, 29) = ""manual transfer""
    vntDefaultInputs(156, 30) = ""non-hazardous""
    vntDefaultInputs(156, 31) = Empty
    vntDefaultInputs(156, 32) = 0
    vntDefaultInputs(156, 33) = Empty
    vntDefaultInputs(156, 34) = Empty
    vntDefaultInputs(156, 35) = ""fully automated""
    vntDefaultInputs(156, 36) = Empty
    vntDefaultInputs(156, 37) = Empty
    vntDefaultInputs(156, 38) = Empty
    vntDefaultInputs(156, 39) = Empty
    vntDefaultInputs(156, 40) = Empty
    vntDefaultInputs(156, 41) = Empty
    vntDefaultInputs(156, 42) = Empty
    vntDefaultInputs(156, 43) = Empty
    vntDefaultInputs(156, 44) = Empty
    vntDefaultInputs(156, 45) = Empty
    vntDefaultInputs(156, 46) = Empty
    vntDefaultInputs(157, 1) = 10
    vntDefaultInputs(157, 2) = 2
    vntDefaultInputs(157, 3) = 4
    vntDefaultInputs(157, 4) = 0.74
    vntDefaultInputs(157, 5) = ""MGD""
    vntDefaultInputs(157, 6) = 0.251
    vntDefaultInputs(157, 7) = ""MGD""
    vntDefaultInputs(157, 8) = ""regeneration off-site (non-hazardous)""
    vntDefaultInputs(157, 9) = ""carbon life value- bed volumes""
    vntDefaultInputs(157, 10) = 21600
    vntDefaultInputs(157, 11) = Empty
    vntDefaultInputs(157, 12) = Empty
    vntDefaultInputs(157, 13) = Empty
    vntDefaultInputs(157, 14) = ""EBCT""
    vntDefaultInputs(157, 15) = 7.5
    vntDefaultInputs(157, 16) = Empty
    vntDefaultInputs(157, 17) = Empty
    vntDefaultInputs(157, 18) = Empty
    vntDefaultInputs(157, 19) = Empty
    vntDefaultInputs(157, 20) = Empty
    vntDefaultInputs(157, 21) = Empty
    vntDefaultInputs(157, 22) = Empty
    vntDefaultInputs(157, 23) = 7
    vntDefaultInputs(157, 24) = 7
    vntDefaultInputs(157, 25) = 5.3
    vntDefaultInputs(157, 26) = 168
    vntDefaultInputs(157, 27) = ""POTW""
    vntDefaultInputs(157, 28) = ""holding tank""
    vntDefaultInputs(157, 29) = ""manual transfer""
    vntDefaultInputs(157, 30) = ""non-hazardous""
    vntDefaultInputs(157, 31) = Empty
    vntDefaultInputs(157, 32) = 0
    vntDefaultInputs(157, 33) = Empty
    vntDefaultInputs(157, 34) = Empty
    vntDefaultInputs(157, 35) = ""fully automated""
    vntDefaultInputs(157, 36) = Empty
    vntDefaultInputs(157, 37) = Empty
    vntDefaultInputs(157, 38) = Empty
    vntDefaultInputs(157, 39) = Empty
    vntDefaultInputs(157, 40) = Empty
    vntDefaultInputs(157, 41) = Empty
    vntDefaultInputs(157, 42) = Empty
    vntDefaultInputs(157, 43) = Empty
    vntDefaultInputs(157, 44) = Empty
    vntDefaultInputs(157, 45) = Empty
    vntDefaultInputs(157, 46) = Empty
    vntDefaultInputs(158, 1) = 10
    vntDefaultInputs(158, 2) = 2
    vntDefaultInputs(158, 3) = 5
    vntDefaultInputs(158, 4) = 2.152
    vntDefaultInputs(158, 5) = ""MGD""
    vntDefaultInputs(158, 6) = 0.819
    vntDefaultInputs(158, 7) = ""MGD""
    vntDefaultInputs(158, 8) = ""regeneration off-site (non-hazardous)""
    vntDefaultInputs(158, 9) = ""carbon life value- bed volumes""
    vntDefaultInputs(158, 10) = 21600
    vntDefaultInputs(158, 11) = Empty
    vntDefaultInputs(158, 12) = Empty
    vntDefaultInputs(158, 13) = Empty
    vntDefaultInputs(158, 14) = ""EBCT""
    vntDefaultInputs(158, 15) = 7.5
    vntDefaultInputs(158, 16) = Empty
    vntDefaultInputs(158, 17) = Empty
    vntDefaultInputs(158, 18) = Empty
    vntDefaultInputs(158, 19) = Empty
    vntDefaultInputs(158, 20) = Empty
    vntDefaultInputs(158, 21) = Empty
    vntDefaultInputs(158, 22) = Empty
    vntDefaultInputs(158, 23) = 8
    vntDefaultInputs(158, 24) = 8
    vntDefaultInputs(158, 25) = 7.9
    vntDefaultInputs(158, 26) = 168
    vntDefaultInputs(158, 27) = ""POTW""
    vntDefaultInputs(158, 28) = ""holding tank""
    vntDefaultInputs(158, 29) = ""manual transfer""
    vntDefaultInputs(158, 30) = ""non-hazardous""
    vntDefaultInputs(158, 31) = Empty
    vntDefaultInputs(158, 32) = 0
    vntDefaultInputs(158, 33) = Empty
    vntDefaultInputs(158, 34) = Empty
    vntDefaultInputs(158, 35) = ""fully automated""
    vntDefaultInputs(158, 36) = Empty
    vntDefaultInputs(158, 37) = Empty
    vntDefaultInputs(158, 38) = Empty
    vntDefaultInputs(158, 39) = Empty
    vntDefaultInputs(158, 40) = Empty
    vntDefaultInputs(158, 41) = Empty
    vntDefaultInputs(158, 42) = Empty
    vntDefaultInputs(158, 43) = Empty
    vntDefaultInputs(158, 44) = Empty
    vntDefaultInputs(158, 45) = Empty
    vntDefaultInputs(158, 46) = Empty
    vntDefaultInputs(159, 1) = 10
    vntDefaultInputs(159, 2) = 2
    vntDefaultInputs(159, 3) = 6
    vntDefaultInputs(159, 4) = 7.365
    vntDefaultInputs(159, 5) = ""MGD""
    vntDefaultInputs(159, 6) = 3.2
    vntDefaultInputs(159, 7) = ""MGD""
    vntDefaultInputs(159, 8) = ""regeneration off-site (non-hazardous)""
    vntDefaultInputs(159, 9) = ""carbon life value- bed volumes""
    vntDefaultInputs(159, 10) = 21600
    vntDefaultInputs(159, 11) = Empty
    vntDefaultInputs(159, 12) = Empty
    vntDefaultInputs(159, 13) = Empty
    vntDefaultInputs(159, 14) = ""EBCT""
    vntDefaultInputs(159, 15) = 7.5
    vntDefaultInputs(159, 16) = Empty
    vntDefaultInputs(159, 17) = Empty
    vntDefaultInputs(159, 18) = Empty
    vntDefaultInputs(159, 19) = Empty
    vntDefaultInputs(159, 20) = Empty
    vntDefaultInputs(159, 21) = Empty
    vntDefaultInputs(159, 22) = Empty
    vntDefaultInputs(159, 23) = 11.5
    vntDefaultInputs(159, 24) = 11.5
    vntDefaultInputs(159, 25) = 7.8
    vntDefaultInputs(159, 26) = 168
    vntDefaultInputs(159, 27) = ""POTW""
    vntDefaultInputs(159, 28) = ""holding tank""
    vntDefaultInputs(159, 29) = ""eductors""
    vntDefaultInputs(159, 30) = ""non-hazardous""
    vntDefaultInputs(159, 31) = Empty
    vntDefaultInputs(159, 32) = 0
    vntDefaultInputs(159, 33) = Empty
    vntDefaultInputs(159, 34) = Empty
    vntDefaultInputs(159, 35) = ""fully automated""
    vntDefaultInputs(159, 36) = Empty
    vntDefaultInputs(159, 37) = Empty
    vntDefaultInputs(159, 38) = Empty
    vntDefaultInputs(159, 39) = Empty
    vntDefaultInputs(159, 40) = Empty
    vntDefaultInputs(159, 41) = Empty
    vntDefaultInputs(159, 42) = Empty
    vntDefaultInputs(159, 43) = Empty
    vntDefaultInputs(159, 44) = Empty
    vntDefaultInputs(159, 45) = Empty
    vntDefaultInputs(159, 46) = Empty
    vntDefaultInputs(160, 1) = 10
    vntDefaultInputs(160, 2) = 2
    vntDefaultInputs(160, 3) = 7
    vntDefaultInputs(160, 4) = 22.614
    vntDefaultInputs(160, 5) = ""MGD""
    vntDefaultInputs(160, 6) = 11.066
    vntDefaultInputs(160, 7) = ""MGD""
    vntDefaultInputs(160, 8) = ""regeneration off-site (non-hazardous)""
    vntDefaultInputs(160, 9) = ""carbon life value- bed volumes""
    vntDefaultInputs(160, 10) = 21600
    vntDefaultInputs(160, 11) = Empty
    vntDefaultInputs(160, 12) = Empty
    vntDefaultInputs(160, 13) = Empty
    vntDefaultInputs(160, 14) = ""EBCT""
    vntDefaultInputs(160, 15) = 7.5
    vntDefaultInputs(160, 16) = Empty
    vntDefaultInputs(160, 17) = Empty
    vntDefaultInputs(160, 18) = Empty
    vntDefaultInputs(160, 19) = Empty
    vntDefaultInputs(160, 20) = Empty
    vntDefaultInputs(160, 21) = Empty
    vntDefaultInputs(160, 22) = Empty
    vntDefaultInputs(160, 23) = 15
    vntDefaultInputs(160, 24) = 15
    vntDefaultInputs(160, 25) = 7.8
    vntDefaultInputs(160, 26) = 168
    vntDefaultInputs(160, 27) = ""POTW""
    vntDefaultInputs(160, 28) = ""holding tank""
    vntDefaultInputs(160, 29) = ""eductors""
    vntDefaultInputs(160, 30) = ""non-hazardous""
    vntDefaultInputs(160, 31) = Empty
    vntDefaultInputs(160, 32) = 0
    vntDefaultInputs(160, 33) = Empty
    vntDefaultInputs(160, 34) = Empty
    vntDefaultInputs(160, 35) = ""fully automated""
    vntDefaultInputs(160, 36) = Empty
    vntDefaultInputs(160, 37) = Empty
    vntDefaultInputs(160, 38) = Empty
    vntDefaultInputs(160, 39) = Empty
    vntDefaultInputs(160, 40) = Empty
    vntDefaultInputs(160, 41) = Empty
    vntDefaultInputs(160, 42) = Empty
    vntDefaultInputs(160, 43) = Empty
    vntDefaultInputs(160, 44) = Empty
    vntDefaultInputs(160, 45) = Empty
    vntDefaultInputs(160, 46) = Empty
    vntDefaultInputs(161, 1) = 10
    vntDefaultInputs(161, 2) = 2
    vntDefaultInputs(161, 3) = 8
    vntDefaultInputs(161, 4) = 75.072
    vntDefaultInputs(161, 5) = ""MGD""
    vntDefaultInputs(161, 6) = 37.536
    vntDefaultInputs(161, 7) = ""MGD""
    vntDefaultInputs(161, 8) = ""regeneration off-site (non-hazardous)""
    vntDefaultInputs(161, 9) = ""carbon life value- bed volumes""
    vntDefaultInputs(161, 10) = 21600
    vntDefaultInputs(161, 11) = Empty
    vntDefaultInputs(161, 12) = Empty
    vntDefaultInputs(161, 13) = Empty
    vntDefaultInputs(161, 14) = ""EBCT""
    vntDefaultInputs(161, 15) = 7.5
    vntDefaultInputs(161, 16) = Empty
    vntDefaultInputs(161, 17) = Empty
    vntDefaultInputs(161, 18) = Empty
    vntDefaultInputs(161, 19) = Empty
    vntDefaultInputs(161, 20) = Empty
    vntDefaultInputs(161, 21) = Empty
    vntDefaultInputs(161, 22) = Empty
    vntDefaultInputs(161, 23) = 30
    vntDefaultInputs(161, 24) = 30
    vntDefaultInputs(161, 25) = 9.7
    vntDefaultInputs(161, 26) = 168
    vntDefaultInputs(161, 27) = ""POTW""
    vntDefaultInputs(161, 28) = ""holding tank""
    vntDefaultInputs(161, 29) = ""eductors""
    vntDefaultInputs(161, 30) = ""non-hazardous""
    vntDefaultInputs(161, 31) = Empty
    vntDefaultInputs(161, 32) = 0
    vntDefaultInputs(161, 33) = Empty
    vntDefaultInputs(161, 34) = Empty
    vntDefaultInputs(161, 35) = ""fully automated""
    vntDefaultInputs(161, 36) = Empty
    vntDefaultInputs(161, 37) = Empty
    vntDefaultInputs(161, 38) = Empty
    vntDefaultInputs(161, 39) = Empty
    vntDefaultInputs(161, 40) = Empty
    vntDefaultInputs(161, 41) = Empty
    vntDefaultInputs(161, 42) = Empty
    vntDefaultInputs(161, 43) = Empty
    vntDefaultInputs(161, 44) = Empty
    vntDefaultInputs(161, 45) = Empty
    vntDefaultInputs(161, 46) = Empty
    vntDefaultInputs(162, 1) = 11
    vntDefaultInputs(162, 2) = 1
    vntDefaultInputs(162, 3) = 1
    vntDefaultInputs(162, 4) = 0.03
    vntDefaultInputs(162, 5) = ""MGD""
    vntDefaultInputs(162, 6) = 0.007
    vntDefaultInputs(162, 7) = ""MGD""
    vntDefaultInputs(162, 8) = ""regeneration off-site (non-hazardous)""
    vntDefaultInputs(162, 9) = ""carbon life value- bed volumes""
    vntDefaultInputs(162, 10) = 7940
    vntDefaultInputs(162, 11) = Empty
    vntDefaultInputs(162, 12) = Empty
    vntDefaultInputs(162, 13) = Empty
    vntDefaultInputs(162, 14) = ""EBCT""
    vntDefaultInputs(162, 15) = 7.5
    vntDefaultInputs(162, 16) = Empty
    vntDefaultInputs(162, 17) = Empty
    vntDefaultInputs(162, 18) = 1
    vntDefaultInputs(162, 19) = 3.4
    vntDefaultInputs(162, 20) = ""upright""
    vntDefaultInputs(162, 21) = 6
    vntDefaultInputs(162, 22) = 2
    vntDefaultInputs(162, 23) = Empty
    vntDefaultInputs(162, 24) = Empty
    vntDefaultInputs(162, 25) = Empty
    vntDefaultInputs(162, 26) = 168
    vntDefaultInputs(162, 27) = ""POTW""
    vntDefaultInputs(162, 28) = ""no holding tank""
    vntDefaultInputs(162, 29) = ""manual transfer""
    vntDefaultInputs(162, 30) = Empty
    vntDefaultInputs(162, 31) = Empty
    vntDefaultInputs(162, 32) = 0
    vntDefaultInputs(162, 33) = Empty
    vntDefaultInputs(162, 34) = Empty
    vntDefaultInputs(162, 35) = ""fully automated""
    vntDefaultInputs(162, 36) = Empty
    vntDefaultInputs(162, 37) = Empty
    vntDefaultInputs(162, 38) = Empty
    vntDefaultInputs(162, 39) = Empty
    vntDefaultInputs(162, 40) = Empty
    vntDefaultInputs(162, 41) = Empty
    vntDefaultInputs(162, 42) = Empty
    vntDefaultInputs(162, 43) = Empty
    vntDefaultInputs(162, 44) = Empty
    vntDefaultInputs(162, 45) = Empty
    vntDefaultInputs(162, 46) = Empty
    vntDefaultInputs(163, 1) = 11
    vntDefaultInputs(163, 2) = 1
    vntDefaultInputs(163, 3) = 2
    vntDefaultInputs(163, 4) = 0.124
    vntDefaultInputs(163, 5) = ""MGD""
    vntDefaultInputs(163, 6) = 0.035
    vntDefaultInputs(163, 7) = ""MGD""
    vntDefaultInputs(163, 8) = ""regeneration off-site (non-hazardous)""
    vntDefaultInputs(163, 9) = ""carbon life value- bed volumes""
    vntDefaultInputs(163, 10) = 7940
    vntDefaultInputs(163, 11) = Empty
    vntDefaultInputs(163, 12) = Empty
    vntDefaultInputs(163, 13) = Empty
    vntDefaultInputs(163, 14) = ""EBCT""
    vntDefaultInputs(163, 15) = 7.5
    vntDefaultInputs(163, 16) = Empty
    vntDefaultInputs(163, 17) = Empty
    vntDefaultInputs(163, 18) = 1
    vntDefaultInputs(163, 19) = 6.9
    vntDefaultInputs(163, 20) = ""upright""
    vntDefaultInputs(163, 21) = 11
    vntDefaultInputs(163, 22) = 4
    vntDefaultInputs(163, 23) = Empty
    vntDefaultInputs(163, 24) = Empty
    vntDefaultInputs(163, 25) = Empty
    vntDefaultInputs(163, 26) = 168
    vntDefaultInputs(163, 27) = ""POTW""
    vntDefaultInputs(163, 28) = ""Holding tank""
    vntDefaultInputs(163, 29) = ""manual transfer""
    vntDefaultInputs(163, 30) = ""non-hazardous""
    vntDefaultInputs(163, 31) = Empty
    vntDefaultInputs(163, 32) = 0
    vntDefaultInputs(163, 33) = Empty
    vntDefaultInputs(163, 34) = Empty
    vntDefaultInputs(163, 35) = ""fully automated""
    vntDefaultInputs(163, 36) = Empty
    vntDefaultInputs(163, 37) = Empty
    vntDefaultInputs(163, 38) = Empty
    vntDefaultInputs(163, 39) = Empty
    vntDefaultInputs(163, 40) = Empty
    vntDefaultInputs(163, 41) = Empty
    vntDefaultInputs(163, 42) = Empty
    vntDefaultInputs(163, 43) = Empty
    vntDefaultInputs(163, 44) = Empty
    vntDefaultInputs(163, 45) = Empty
    vntDefaultInputs(163, 46) = Empty
    vntDefaultInputs(164, 1) = 11
    vntDefaultInputs(164, 2) = 1
    vntDefaultInputs(164, 3) = 3
    vntDefaultInputs(164, 4) = 0.305
    vntDefaultInputs(164, 5) = ""MGD""
    vntDefaultInputs(164, 6) = 0.094
    vntDefaultInputs(164, 7) = ""MGD""
    vntDefaultInputs(164, 8) = ""regeneration off-site (non-hazardous)""
    vntDefaultInputs(164, 9) = ""carbon life value- bed volumes""
    vntDefaultInputs(164, 10) = 7940
    vntDefaultInputs(164, 11) = Empty
    vntDefaultInputs(164, 12) = Empty
    vntDefaultInputs(164, 13) = Empty
    vntDefaultInputs(164, 14) = ""EBCT""
    vntDefaultInputs(164, 15) = 7.5
    vntDefaultInputs(164, 16) = Empty
    vntDefaultInputs(164, 17) = Empty
    vntDefaultInputs(164, 18) = 1
    vntDefaultInputs(164, 19) = 6.7
    vntDefaultInputs(164, 20) = ""upright""
    vntDefaultInputs(164, 21) = 11
    vntDefaultInputs(164, 22) = 4.5
    vntDefaultInputs(164, 23) = Empty
    vntDefaultInputs(164, 24) = Empty
    vntDefaultInputs(164, 25) = Empty
    vntDefaultInputs(164, 26) = 168
    vntDefaultInputs(164, 27) = ""POTW""
    vntDefaultInputs(164, 28) = ""Holding tank""
    vntDefaultInputs(164, 29) = ""manual transfer""
    vntDefaultInputs(164, 30) = ""non-hazardous""
    vntDefaultInputs(164, 31) = Empty
    vntDefaultInputs(164, 32) = 0
    vntDefaultInputs(164, 33) = Empty
    vntDefaultInputs(164, 34) = Empty
    vntDefaultInputs(164, 35) = ""fully automated""
    vntDefaultInputs(164, 36) = Empty
    vntDefaultInputs(164, 37) = Empty
    vntDefaultInputs(164, 38) = Empty
    vntDefaultInputs(164, 39) = Empty
    vntDefaultInputs(164, 40) = Empty
    vntDefaultInputs(164, 41) = Empty
    vntDefaultInputs(164, 42) = Empty
    vntDefaultInputs(164, 43) = Empty
    vntDefaultInputs(164, 44) = Empty
    vntDefaultInputs(164, 45) = Empty
    vntDefaultInputs(164, 46) = Empty
    vntDefaultInputs(165, 1) = 11
    vntDefaultInputs(165, 2) = 1
    vntDefaultInputs(165, 3) = 4
    vntDefaultInputs(165, 4) = 0.74
    vntDefaultInputs(165, 5) = ""MGD""
    vntDefaultInputs(165, 6) = 0.251
    vntDefaultInputs(165, 7) = ""MGD""
    vntDefaultInputs(165, 8) = ""regeneration off-site (non-hazardous)""
    vntDefaultInputs(165, 9) = ""carbon life value- bed volumes""
    vntDefaultInputs(165, 10) = 7940
    vntDefaultInputs(165, 11) = Empty
    vntDefaultInputs(165, 12) = Empty
    vntDefaultInputs(165, 13) = Empty
    vntDefaultInputs(165, 14) = ""EBCT""
    vntDefaultInputs(165, 15) = 7.5
    vntDefaultInputs(165, 16) = Empty
    vntDefaultInputs(165, 17) = Empty
    vntDefaultInputs(165, 18) = 1
    vntDefaultInputs(165, 19) = 6.7
    vntDefaultInputs(165, 20) = ""upright""
    vntDefaultInputs(165, 21) = 11
    vntDefaultInputs(165, 22) = 7
    vntDefaultInputs(165, 23) = Empty
    vntDefaultInputs(165, 24) = Empty
    vntDefaultInputs(165, 25) = Empty
    vntDefaultInputs(165, 26) = 168
    vntDefaultInputs(165, 27) = ""POTW""
    vntDefaultInputs(165, 28) = ""Holding tank""
    vntDefaultInputs(165, 29) = ""manual transfer""
    vntDefaultInputs(165, 30) = ""non-hazardous""
    vntDefaultInputs(165, 31) = Empty
    vntDefaultInputs(165, 32) = 0
    vntDefaultInputs(165, 33) = Empty
    vntDefaultInputs(165, 34) = Empty
    vntDefaultInputs(165, 35) = ""fully automated""
    vntDefaultInputs(165, 36) = Empty
    vntDefaultInputs(165, 37) = Empty
    vntDefaultInputs(165, 38) = Empty
    vntDefaultInputs(165, 39) = Empty
    vntDefaultInputs(165, 40) = Empty
    vntDefaultInputs(165, 41) = Empty
    vntDefaultInputs(165, 42) = Empty
    vntDefaultInputs(165, 43) = Empty
    vntDefaultInputs(165, 44) = Empty
    vntDefaultInputs(165, 45) = Empty
    vntDefaultInputs(165, 46) = Empty
    vntDefaultInputs(166, 1) = 11
    vntDefaultInputs(166, 2) = 1
    vntDefaultInputs(166, 3) = 5
    vntDefaultInputs(166, 4) = 2.152
    vntDefaultInputs(166, 5) = ""MGD""
    vntDefaultInputs(166, 6) = 0.819
    vntDefaultInputs(166, 7) = ""MGD""
    vntDefaultInputs(166, 8) = ""regeneration off-site (non-hazardous)""
    vntDefaultInputs(166, 9) = ""carbon life value- bed volumes""
    vntDefaultInputs(166, 10) = 7940
    vntDefaultInputs(166, 11) = Empty
    vntDefaultInputs(166, 12) = Empty
    vntDefaultInputs(166, 13) = Empty
    vntDefaultInputs(166, 14) = ""EBCT""
    vntDefaultInputs(166, 15) = 7.5
    vntDefaultInputs(166, 16) = Empty
    vntDefaultInputs(166, 17) = Empty
    vntDefaultInputs(166, 18) = 1
    vntDefaultInputs(166, 19) = 6.7
    vntDefaultInputs(166, 20) = ""upright""
    vntDefaultInputs(166, 21) = 11
    vntDefaultInputs(166, 22) = 8.5
    vntDefaultInputs(166, 23) = Empty
    vntDefaultInputs(166, 24) = Empty
    vntDefaultInputs(166, 25) = Empty
    vntDefaultInputs(166, 26) = 168
    vntDefaultInputs(166, 27) = ""POTW""
    vntDefaultInputs(166, 28) = ""Holding tank""
    vntDefaultInputs(166, 29) = ""eductors""
    vntDefaultInputs(166, 30) = ""non-hazardous""
    vntDefaultInputs(166, 31) = Empty
    vntDefaultInputs(166, 32) = 0
    vntDefaultInputs(166, 33) = Empty
    vntDefaultInputs(166, 34) = Empty
    vntDefaultInputs(166, 35) = ""fully automated""
    vntDefaultInputs(166, 36) = Empty
    vntDefaultInputs(166, 37) = Empty
    vntDefaultInputs(166, 38) = Empty
    vntDefaultInputs(166, 39) = Empty
    vntDefaultInputs(166, 40) = Empty
    vntDefaultInputs(166, 41) = Empty
    vntDefaultInputs(166, 42) = Empty
    vntDefaultInputs(166, 43) = Empty
    vntDefaultInputs(166, 44) = Empty
    vntDefaultInputs(166, 45) = Empty
    vntDefaultInputs(166, 46) = Empty
    vntDefaultInputs(167, 1) = 11
    vntDefaultInputs(167, 2) = 1
    vntDefaultInputs(167, 3) = 6
    vntDefaultInputs(167, 4) = 7.365
    vntDefaultInputs(167, 5) = ""MGD""
    vntDefaultInputs(167, 6) = 3.2
    vntDefaultInputs(167, 7) = ""MGD""
    vntDefaultInputs(167, 8) = ""regeneration off-site (non-hazardous)""
    vntDefaultInputs(167, 9) = ""carbon life value- bed volumes""
    vntDefaultInputs(167, 10) = 7940
    vntDefaultInputs(167, 11) = Empty
    vntDefaultInputs(167, 12) = Empty
    vntDefaultInputs(167, 13) = Empty
    vntDefaultInputs(167, 14) = ""EBCT""
    vntDefaultInputs(167, 15) = 7.5
    vntDefaultInputs(167, 16) = Empty
    vntDefaultInputs(167, 17) = Empty
    vntDefaultInputs(167, 18) = 1
    vntDefaultInputs(167, 19) = 6.2
    vntDefaultInputs(167, 20) = ""horizontal""
    vntDefaultInputs(167, 21) = 20
    vntDefaultInputs(167, 22) = 14
    vntDefaultInputs(167, 23) = Empty
    vntDefaultInputs(167, 24) = Empty
    vntDefaultInputs(167, 25) = Empty
    vntDefaultInputs(167, 26) = 168
    vntDefaultInputs(167, 27) = ""POTW""
    vntDefaultInputs(167, 28) = ""Holding tank""
    vntDefaultInputs(167, 29) = ""eductors""
    vntDefaultInputs(167, 30) = ""non-hazardous""
    vntDefaultInputs(167, 31) = Empty
    vntDefaultInputs(167, 32) = 0
    vntDefaultInputs(167, 33) = Empty
    vntDefaultInputs(167, 34) = Empty
    vntDefaultInputs(167, 35) = ""fully automated""
    vntDefaultInputs(167, 36) = Empty
    vntDefaultInputs(167, 37) = Empty
    vntDefaultInputs(167, 38) = Empty
    vntDefaultInputs(167, 39) = Empty
    vntDefaultInputs(167, 40) = Empty
    vntDefaultInputs(167, 41) = Empty
    vntDefaultInputs(167, 42) = Empty
    vntDefaultInputs(167, 43) = Empty
    vntDefaultInputs(167, 44) = Empty
    vntDefaultInputs(167, 45) = Empty
    vntDefaultInputs(167, 46) = Empty
    vntDefaultInputs(168, 1) = 11
    vntDefaultInputs(168, 2) = 1
    vntDefaultInputs(168, 3) = 7
    vntDefaultInputs(168, 4) = 22.614
    vntDefaultInputs(168, 5) = ""MGD""
    vntDefaultInputs(168, 6) = 11.066
    vntDefaultInputs(168, 7) = ""MGD""
    vntDefaultInputs(168, 8) = ""regeneration off-site (non-hazardous)""
    vntDefaultInputs(168, 9) = ""carbon life value- bed volumes""
    vntDefaultInputs(168, 10) = 7940
    vntDefaultInputs(168, 11) = Empty
    vntDefaultInputs(168, 12) = Empty
    vntDefaultInputs(168, 13) = Empty
    vntDefaultInputs(168, 14) = ""EBCT""
    vntDefaultInputs(168, 15) = 7.5
    vntDefaultInputs(168, 16) = Empty
    vntDefaultInputs(168, 17) = Empty
    vntDefaultInputs(168, 18) = 1
    vntDefaultInputs(168, 19) = 7.1
    vntDefaultInputs(168, 20) = ""horizontal""
    vntDefaultInputs(168, 21) = 20
    vntDefaultInputs(168, 22) = 14
    vntDefaultInputs(168, 23) = Empty
    vntDefaultInputs(168, 24) = Empty
    vntDefaultInputs(168, 25) = Empty
    vntDefaultInputs(168, 26) = 168
    vntDefaultInputs(168, 27) = ""POTW""
    vntDefaultInputs(168, 28) = ""Holding tank""
    vntDefaultInputs(168, 29) = ""eductors""
    vntDefaultInputs(168, 30) = ""non-hazardous""
    vntDefaultInputs(168, 31) = Empty
    vntDefaultInputs(168, 32) = 0
    vntDefaultInputs(168, 33) = Empty
    vntDefaultInputs(168, 34) = Empty
    vntDefaultInputs(168, 35) = ""fully automated""
    vntDefaultInputs(168, 36) = Empty
    vntDefaultInputs(168, 37) = Empty
    vntDefaultInputs(168, 38) = Empty
    vntDefaultInputs(168, 39) = Empty
    vntDefaultInputs(168, 40) = Empty
    vntDefaultInputs(168, 41) = Empty
    vntDefaultInputs(168, 42) = Empty
    vntDefaultInputs(168, 43) = Empty
    vntDefaultInputs(168, 44) = Empty
    vntDefaultInputs(168, 45) = Empty
    vntDefaultInputs(168, 46) = Empty
    vntDefaultInputs(169, 1) = 11
    vntDefaultInputs(169, 2) = 1
    vntDefaultInputs(169, 3) = 8
    vntDefaultInputs(169, 4) = 75.072
    vntDefaultInputs(169, 5) = ""MGD""
    vntDefaultInputs(169, 6) = 37.536
    vntDefaultInputs(169, 7) = ""MGD""
    vntDefaultInputs(169, 8) = ""regeneration off-site (non-hazardous)""
    vntDefaultInputs(169, 9) = ""carbon life value- bed volumes""
    vntDefaultInputs(169, 10) = 7940
    vntDefaultInputs(169, 11) = Empty
    vntDefaultInputs(169, 12) = Empty
    vntDefaultInputs(169, 13) = Empty
    vntDefaultInputs(169, 14) = ""EBCT""
    vntDefaultInputs(169, 15) = 7.5
    vntDefaultInputs(169, 16) = Empty
    vntDefaultInputs(169, 17) = Empty
    vntDefaultInputs(169, 18) = 1
    vntDefaultInputs(169, 19) = 6.7
    vntDefaultInputs(169, 20) = ""horizontal""
    vntDefaultInputs(169, 21) = 20
    vntDefaultInputs(169, 22) = 14
    vntDefaultInputs(169, 23) = Empty
    vntDefaultInputs(169, 24) = Empty
    vntDefaultInputs(169, 25) = Empty
    vntDefaultInputs(169, 26) = 168
    vntDefaultInputs(169, 27) = ""POTW""
    vntDefaultInputs(169, 28) = ""Holding tank""
    vntDefaultInputs(169, 29) = ""eductors""
    vntDefaultInputs(169, 30) = ""non-hazardous""
    vntDefaultInputs(169, 31) = Empty
    vntDefaultInputs(169, 32) = 0
    vntDefaultInputs(169, 33) = Empty
    vntDefaultInputs(169, 34) = Empty
    vntDefaultInputs(169, 35) = ""fully automated""
    vntDefaultInputs(169, 36) = Empty
    vntDefaultInputs(169, 37) = Empty
    vntDefaultInputs(169, 38) = Empty
    vntDefaultInputs(169, 39) = Empty
    vntDefaultInputs(169, 40) = Empty
    vntDefaultInputs(169, 41) = Empty
    vntDefaultInputs(169, 42) = Empty
    vntDefaultInputs(169, 43) = Empty
    vntDefaultInputs(169, 44) = Empty
    vntDefaultInputs(169, 45) = Empty
    vntDefaultInputs(169, 46) = Empty
    vntDefaultInputs(170, 1) = 11
    vntDefaultInputs(170, 2) = 2
    vntDefaultInputs(170, 3) = 1
    vntDefaultInputs(170, 4) = 0.03
    vntDefaultInputs(170, 5) = ""MGD""
    vntDefaultInputs(170, 6) = 0.007
    vntDefaultInputs(170, 7) = ""MGD""
    vntDefaultInputs(170, 8) = ""regeneration off-site (non-hazardous)""
    vntDefaultInputs(170, 9) = ""carbon life value- bed volumes""
    vntDefaultInputs(170, 10) = 7940
    vntDefaultInputs(170, 11) = Empty
    vntDefaultInputs(170, 12) = Empty
    vntDefaultInputs(170, 13) = Empty
    vntDefaultInputs(170, 14) = ""EBCT""
    vntDefaultInputs(170, 15) = 7.5
    vntDefaultInputs(170, 16) = Empty
    vntDefaultInputs(170, 17) = Empty
    vntDefaultInputs(170, 18) = Empty
    vntDefaultInputs(170, 19) = Empty
    vntDefaultInputs(170, 20) = Empty
    vntDefaultInputs(170, 21) = Empty
    vntDefaultInputs(170, 22) = Empty
    vntDefaultInputs(170, 23) = 6
    vntDefaultInputs(170, 24) = 6
    vntDefaultInputs(170, 25) = 3
    vntDefaultInputs(170, 26) = 168
    vntDefaultInputs(170, 27) = ""POTW""
    vntDefaultInputs(170, 28) = ""holding tank""
    vntDefaultInputs(170, 29) = ""manual transfer""
    vntDefaultInputs(170, 30) = ""non-hazardous""
    vntDefaultInputs(170, 31) = Empty
    vntDefaultInputs(170, 32) = 0
    vntDefaultInputs(170, 33) = Empty
    vntDefaultInputs(170, 34) = Empty
    vntDefaultInputs(170, 35) = ""fully automated""
    vntDefaultInputs(170, 36) = Empty
    vntDefaultInputs(170, 37) = Empty
    vntDefaultInputs(170, 38) = Empty
    vntDefaultInputs(170, 39) = Empty
    vntDefaultInputs(170, 40) = Empty
    vntDefaultInputs(170, 41) = Empty
    vntDefaultInputs(170, 42) = Empty
    vntDefaultInputs(170, 43) = Empty
    vntDefaultInputs(170, 44) = Empty
    vntDefaultInputs(170, 45) = Empty
    vntDefaultInputs(170, 46) = Empty
    vntDefaultInputs(171, 1) = 11
    vntDefaultInputs(171, 2) = 2
    vntDefaultInputs(171, 3) = 2
    vntDefaultInputs(171, 4) = 0.124
    vntDefaultInputs(171, 5) = ""MGD""
    vntDefaultInputs(171, 6) = 0.035
    vntDefaultInputs(171, 7) = ""MGD""
    vntDefaultInputs(171, 8) = ""regeneration off-site (non-hazardous)""
    vntDefaultInputs(171, 9) = ""carbon life value- bed volumes""
    vntDefaultInputs(171, 10) = 7940
    vntDefaultInputs(171, 11) = Empty
    vntDefaultInputs(171, 12) = Empty
    vntDefaultInputs(171, 13) = Empty
    vntDefaultInputs(171, 14) = ""EBCT""
    vntDefaultInputs(171, 15) = 7.5
    vntDefaultInputs(171, 16) = Empty
    vntDefaultInputs(171, 17) = Empty
    vntDefaultInputs(171, 18) = Empty
    vntDefaultInputs(171, 19) = Empty
    vntDefaultInputs(171, 20) = Empty
    vntDefaultInputs(171, 21) = Empty
    vntDefaultInputs(171, 22) = Empty
    vntDefaultInputs(171, 23) = 6
    vntDefaultInputs(171, 24) = 6
    vntDefaultInputs(171, 25) = 3
    vntDefaultInputs(171, 26) = 168
    vntDefaultInputs(171, 27) = ""POTW""
    vntDefaultInputs(171, 28) = ""holding tank""
    vntDefaultInputs(171, 29) = ""manual transfer""
    vntDefaultInputs(171, 30) = ""non-hazardous""
    vntDefaultInputs(171, 31) = Empty
    vntDefaultInputs(171, 32) = 0
    vntDefaultInputs(171, 33) = Empty
    vntDefaultInputs(171, 34) = Empty
    vntDefaultInputs(171, 35) = ""fully automated""
    vntDefaultInputs(171, 36) = Empty
    vntDefaultInputs(171, 37) = Empty
    vntDefaultInputs(171, 38) = Empty
    vntDefaultInputs(171, 39) = Empty
    vntDefaultInputs(171, 40) = Empty
    vntDefaultInputs(171, 41) = Empty
    vntDefaultInputs(171, 42) = Empty
    vntDefaultInputs(171, 43) = Empty
    vntDefaultInputs(171, 44) = Empty
    vntDefaultInputs(171, 45) = Empty
    vntDefaultInputs(171, 46) = Empty
    vntDefaultInputs(172, 1) = 11
    vntDefaultInputs(172, 2) = 2
    vntDefaultInputs(172, 3) = 3
    vntDefaultInputs(172, 4) = 0.305
    vntDefaultInputs(172, 5) = ""MGD""
    vntDefaultInputs(172, 6) = 0.094
    vntDefaultInputs(172, 7) = ""MGD""
    vntDefaultInputs(172, 8) = ""regeneration off-site (non-hazardous)""
    vntDefaultInputs(172, 9) = ""carbon life value- bed volumes""
    vntDefaultInputs(172, 10) = 7940
    vntDefaultInputs(172, 11) = Empty
    vntDefaultInputs(172, 12) = Empty
    vntDefaultInputs(172, 13) = Empty
    vntDefaultInputs(172, 14) = ""EBCT""
    vntDefaultInputs(172, 15) = 7.5
    vntDefaultInputs(172, 16) = Empty
    vntDefaultInputs(172, 17) = Empty
    vntDefaultInputs(172, 18) = Empty
    vntDefaultInputs(172, 19) = Empty
    vntDefaultInputs(172, 20) = Empty
    vntDefaultInputs(172, 21) = Empty
    vntDefaultInputs(172, 22) = Empty
    vntDefaultInputs(172, 23) = 6
    vntDefaultInputs(172, 24) = 6
    vntDefaultInputs(172, 25) = 3
    vntDefaultInputs(172, 26) = 168
    vntDefaultInputs(172, 27) = ""POTW""
    vntDefaultInputs(172, 28) = ""holding tank""
    vntDefaultInputs(172, 29) = ""manual transfer""
    vntDefaultInputs(172, 30) = ""non-hazardous""
    vntDefaultInputs(172, 31) = Empty
    vntDefaultInputs(172, 32) = 0
    vntDefaultInputs(172, 33) = Empty
    vntDefaultInputs(172, 34) = Empty
    vntDefaultInputs(172, 35) = ""fully automated""
    vntDefaultInputs(172, 36) = Empty
    vntDefaultInputs(172, 37) = Empty
    vntDefaultInputs(172, 38) = Empty
    vntDefaultInputs(172, 39) = Empty
    vntDefaultInputs(172, 40) = Empty
    vntDefaultInputs(172, 41) = Empty
    vntDefaultInputs(172, 42) = Empty
    vntDefaultInputs(172, 43) = Empty
    vntDefaultInputs(172, 44) = Empty
    vntDefaultInputs(172, 45) = Empty
    vntDefaultInputs(172, 46) = Empty
    vntDefaultInputs(173, 1) = 11
    vntDefaultInputs(173, 2) = 2
    vntDefaultInputs(173, 3) = 4
    vntDefaultInputs(173, 4) = 0.74
    vntDefaultInputs(173, 5) = ""MGD""
    vntDefaultInputs(173, 6) = 0.251
    vntDefaultInputs(173, 7) = ""MGD""
    vntDefaultInputs(173, 8) = ""regeneration off-site (non-hazardous)""
    vntDefaultInputs(173, 9) = ""carbon life value- bed volumes""
    vntDefaultInputs(173, 10) = 7940
    vntDefaultInputs(173, 11) = Empty
    vntDefaultInputs(173, 12) = Empty
    vntDefaultInputs(173, 13) = Empty
    vntDefaultInputs(173, 14) = ""EBCT""
    vntDefaultInputs(173, 15) = 7.5
    vntDefaultInputs(173, 16) = Empty
    vntDefaultInputs(173, 17) = Empty
    vntDefaultInputs(173, 18) = Empty
    vntDefaultInputs(173, 19) = Empty
    vntDefaultInputs(173, 20) = Empty
    vntDefaultInputs(173, 21) = Empty
    vntDefaultInputs(173, 22) = Empty
    vntDefaultInputs(173, 23) = 7
    vntDefaultInputs(173, 24) = 7
    vntDefaultInputs(173, 25) = 5.3
    vntDefaultInputs(173, 26) = 168
    vntDefaultInputs(173, 27) = ""POTW""
    vntDefaultInputs(173, 28) = ""holding tank""
    vntDefaultInputs(173, 29) = ""manual transfer""
    vntDefaultInputs(173, 30) = ""non-hazardous""
    vntDefaultInputs(173, 31) = Empty
    vntDefaultInputs(173, 32) = 0
    vntDefaultInputs(173, 33) = Empty
    vntDefaultInputs(173, 34) = Empty
    vntDefaultInputs(173, 35) = ""fully automated""
    vntDefaultInputs(173, 36) = Empty
    vntDefaultInputs(173, 37) = Empty
    vntDefaultInputs(173, 38) = Empty
    vntDefaultInputs(173, 39) = Empty
    vntDefaultInputs(173, 40) = Empty
    vntDefaultInputs(173, 41) = Empty
    vntDefaultInputs(173, 42) = Empty
    vntDefaultInputs(173, 43) = Empty
    vntDefaultInputs(173, 44) = Empty
    vntDefaultInputs(173, 45) = Empty
    vntDefaultInputs(173, 46) = Empty
    vntDefaultInputs(174, 1) = 11
    vntDefaultInputs(174, 2) = 2
    vntDefaultInputs(174, 3) = 5
    vntDefaultInputs(174, 4) = 2.152
    vntDefaultInputs(174, 5) = ""MGD""
    vntDefaultInputs(174, 6) = 0.819
    vntDefaultInputs(174, 7) = ""MGD""
    vntDefaultInputs(174, 8) = ""regeneration off-site (non-hazardous)""
    vntDefaultInputs(174, 9) = ""carbon life value- bed volumes""
    vntDefaultInputs(174, 10) = 7940
    vntDefaultInputs(174, 11) = Empty
    vntDefaultInputs(174, 12) = Empty
    vntDefaultInputs(174, 13) = Empty
    vntDefaultInputs(174, 14) = ""EBCT""
    vntDefaultInputs(174, 15) = 7.5
    vntDefaultInputs(174, 16) = Empty
    vntDefaultInputs(174, 17) = Empty
    vntDefaultInputs(174, 18) = Empty
    vntDefaultInputs(174, 19) = Empty
    vntDefaultInputs(174, 20) = Empty
    vntDefaultInputs(174, 21) = Empty
    vntDefaultInputs(174, 22) = Empty
    vntDefaultInputs(174, 23) = 8
    vntDefaultInputs(174, 24) = 8
    vntDefaultInputs(174, 25) = 7.9
    vntDefaultInputs(174, 26) = 168
    vntDefaultInputs(174, 27) = ""POTW""
    vntDefaultInputs(174, 28) = ""holding tank""
    vntDefaultInputs(174, 29) = ""eductors""
    vntDefaultInputs(174, 30) = ""non-hazardous""
    vntDefaultInputs(174, 31) = Empty
    vntDefaultInputs(174, 32) = 0
    vntDefaultInputs(174, 33) = Empty
    vntDefaultInputs(174, 34) = Empty
    vntDefaultInputs(174, 35) = ""fully automated""
    vntDefaultInputs(174, 36) = Empty
    vntDefaultInputs(174, 37) = Empty
    vntDefaultInputs(174, 38) = Empty
    vntDefaultInputs(174, 39) = Empty
    vntDefaultInputs(174, 40) = Empty
    vntDefaultInputs(174, 41) = Empty
    vntDefaultInputs(174, 42) = Empty
    vntDefaultInputs(174, 43) = Empty
    vntDefaultInputs(174, 44) = Empty
    vntDefaultInputs(174, 45) = Empty
    vntDefaultInputs(174, 46) = Empty
    vntDefaultInputs(175, 1) = 11
    vntDefaultInputs(175, 2) = 2
    vntDefaultInputs(175, 3) = 6
    vntDefaultInputs(175, 4) = 7.365
    vntDefaultInputs(175, 5) = ""MGD""
    vntDefaultInputs(175, 6) = 3.2
    vntDefaultInputs(175, 7) = ""MGD""
    vntDefaultInputs(175, 8) = ""regeneration off-site (non-hazardous)""
    vntDefaultInputs(175, 9) = ""carbon life value- bed volumes""
    vntDefaultInputs(175, 10) = 7940
    vntDefaultInputs(175, 11) = Empty
    vntDefaultInputs(175, 12) = Empty
    vntDefaultInputs(175, 13) = Empty
    vntDefaultInputs(175, 14) = ""EBCT""
    vntDefaultInputs(175, 15) = 7.5
    vntDefaultInputs(175, 16) = Empty
    vntDefaultInputs(175, 17) = Empty
    vntDefaultInputs(175, 18) = Empty
    vntDefaultInputs(175, 19) = Empty
    vntDefaultInputs(175, 20) = Empty
    vntDefaultInputs(175, 21) = Empty
    vntDefaultInputs(175, 22) = Empty
    vntDefaultInputs(175, 23) = 11.5
    vntDefaultInputs(175, 24) = 11.5
    vntDefaultInputs(175, 25) = 7.8
    vntDefaultInputs(175, 26) = 168
    vntDefaultInputs(175, 27) = ""POTW""
    vntDefaultInputs(175, 28) = ""holding tank""
    vntDefaultInputs(175, 29) = ""eductors""
    vntDefaultInputs(175, 30) = ""non-hazardous""
    vntDefaultInputs(175, 31) = Empty
    vntDefaultInputs(175, 32) = 0
    vntDefaultInputs(175, 33) = Empty
    vntDefaultInputs(175, 34) = Empty
    vntDefaultInputs(175, 35) = ""fully automated""
    vntDefaultInputs(175, 36) = Empty
    vntDefaultInputs(175, 37) = Empty
    vntDefaultInputs(175, 38) = Empty
    vntDefaultInputs(175, 39) = Empty
    vntDefaultInputs(175, 40) = Empty
    vntDefaultInputs(175, 41) = Empty
    vntDefaultInputs(175, 42) = Empty
    vntDefaultInputs(175, 43) = Empty
    vntDefaultInputs(175, 44) = Empty
    vntDefaultInputs(175, 45) = Empty
    vntDefaultInputs(175, 46) = Empty
    vntDefaultInputs(176, 1) = 11
    vntDefaultInputs(176, 2) = 2
    vntDefaultInputs(176, 3) = 7
    vntDefaultInputs(176, 4) = 22.614
    vntDefaultInputs(176, 5) = ""MGD""
    vntDefaultInputs(176, 6) = 11.066
    vntDefaultInputs(176, 7) = ""MGD""
    vntDefaultInputs(176, 8) = ""regeneration off-site (non-hazardous)""
    vntDefaultInputs(176, 9) = ""carbon life value- bed volumes""
    vntDefaultInputs(176, 10) = 7940
    vntDefaultInputs(176, 11) = Empty
    vntDefaultInputs(176, 12) = Empty
    vntDefaultInputs(176, 13) = Empty
    vntDefaultInputs(176, 14) = ""EBCT""
    vntDefaultInputs(176, 15) = 7.5
    vntDefaultInputs(176, 16) = Empty
    vntDefaultInputs(176, 17) = Empty
    vntDefaultInputs(176, 18) = Empty
    vntDefaultInputs(176, 19) = Empty
    vntDefaultInputs(176, 20) = Empty
    vntDefaultInputs(176, 21) = Empty
    vntDefaultInputs(176, 22) = Empty
    vntDefaultInputs(176, 23) = 15
    vntDefaultInputs(176, 24) = 15
    vntDefaultInputs(176, 25) = 7.8
    vntDefaultInputs(176, 26) = 168
    vntDefaultInputs(176, 27) = ""POTW""
    vntDefaultInputs(176, 28) = ""holding tank""
    vntDefaultInputs(176, 29) = ""eductors""
    vntDefaultInputs(176, 30) = ""non-hazardous""
    vntDefaultInputs(176, 31) = Empty
    vntDefaultInputs(176, 32) = 0
    vntDefaultInputs(176, 33) = Empty
    vntDefaultInputs(176, 34) = Empty
    vntDefaultInputs(176, 35) = ""fully automated""
    vntDefaultInputs(176, 36) = Empty
    vntDefaultInputs(176, 37) = Empty
    vntDefaultInputs(176, 38) = Empty
    vntDefaultInputs(176, 39) = Empty
    vntDefaultInputs(176, 40) = Empty
    vntDefaultInputs(176, 41) = Empty
    vntDefaultInputs(176, 42) = Empty
    vntDefaultInputs(176, 43) = Empty
    vntDefaultInputs(176, 44) = Empty
    vntDefaultInputs(176, 45) = Empty
    vntDefaultInputs(176, 46) = Empty
    vntDefaultInputs(177, 1) = 11
    vntDefaultInputs(177, 2) = 2
    vntDefaultInputs(177, 3) = 8
    vntDefaultInputs(177, 4) = 75.072
    vntDefaultInputs(177, 5) = ""MGD""
    vntDefaultInputs(177, 6) = 37.536
    vntDefaultInputs(177, 7) = ""MGD""
    vntDefaultInputs(177, 8) = ""regeneration off-site (non-hazardous)""
    vntDefaultInputs(177, 9) = ""carbon life value- bed volumes""
    vntDefaultInputs(177, 10) = 7940
    vntDefaultInputs(177, 11) = Empty
    vntDefaultInputs(177, 12) = Empty
    vntDefaultInputs(177, 13) = Empty
    vntDefaultInputs(177, 14) = ""EBCT""
    vntDefaultInputs(177, 15) = 7.5
    vntDefaultInputs(177, 16) = Empty
    vntDefaultInputs(177, 17) = Empty
    vntDefaultInputs(177, 18) = Empty
    vntDefaultInputs(177, 19) = Empty
    vntDefaultInputs(177, 20) = Empty
    vntDefaultInputs(177, 21) = Empty
    vntDefaultInputs(177, 22) = Empty
    vntDefaultInputs(177, 23) = 30
    vntDefaultInputs(177, 24) = 30
    vntDefaultInputs(177, 25) = 9.7
    vntDefaultInputs(177, 26) = 168
    vntDefaultInputs(177, 27) = ""POTW""
    vntDefaultInputs(177, 28) = ""holding tank""
    vntDefaultInputs(177, 29) = ""eductors""
    vntDefaultInputs(177, 30) = ""non-hazardous""
    vntDefaultInputs(177, 31) = Empty
    vntDefaultInputs(177, 32) = 0
    vntDefaultInputs(177, 33) = Empty
    vntDefaultInputs(177, 34) = Empty
    vntDefaultInputs(177, 35) = ""fully automated""
    vntDefaultInputs(177, 36) = Empty
    vntDefaultInputs(177, 37) = Empty
    vntDefaultInputs(177, 38) = Empty
    vntDefaultInputs(177, 39) = Empty
    vntDefaultInputs(177, 40) = Empty
    vntDefaultInputs(177, 41) = Empty
    vntDefaultInputs(177, 42) = Empty
    vntDefaultInputs(177, 43) = Empty
    vntDefaultInputs(177, 44) = Empty
    vntDefaultInputs(177, 45) = Empty
    vntDefaultInputs(177, 46) = Empty
    vntDefaultInputs(178, 1) = 12
    vntDefaultInputs(178, 2) = 1
    vntDefaultInputs(178, 3) = 1
    vntDefaultInputs(178, 4) = 0.03
    vntDefaultInputs(178, 5) = ""MGD""
    vntDefaultInputs(178, 6) = 0.007
    vntDefaultInputs(178, 7) = ""MGD""
    vntDefaultInputs(178, 8) = ""regeneration off-site (non-hazardous)""
    vntDefaultInputs(178, 9) = ""carbon life value- bed volumes""
    vntDefaultInputs(178, 10) = 16900
    vntDefaultInputs(178, 11) = Empty
    vntDefaultInputs(178, 12) = Empty
    vntDefaultInputs(178, 13) = Empty
    vntDefaultInputs(178, 14) = ""EBCT""
    vntDefaultInputs(178, 15) = 7.5
    vntDefaultInputs(178, 16) = Empty
    vntDefaultInputs(178, 17) = Empty
    vntDefaultInputs(178, 18) = 1
    vntDefaultInputs(178, 19) = 3.4
    vntDefaultInputs(178, 20) = ""upright""
    vntDefaultInputs(178, 21) = 6
    vntDefaultInputs(178, 22) = 2
    vntDefaultInputs(178, 23) = Empty
    vntDefaultInputs(178, 24) = Empty
    vntDefaultInputs(178, 25) = Empty
    vntDefaultInputs(178, 26) = 168
    vntDefaultInputs(178, 27) = ""POTW""
    vntDefaultInputs(178, 28) = ""no holding tank""
    vntDefaultInputs(178, 29) = ""manual transfer""
    vntDefaultInputs(178, 30) = Empty
    vntDefaultInputs(178, 31) = Empty
    vntDefaultInputs(178, 32) = 0
    vntDefaultInputs(178, 33) = Empty
    vntDefaultInputs(178, 34) = Empty
    vntDefaultInputs(178, 35) = ""fully automated""
    vntDefaultInputs(178, 36) = Empty
    vntDefaultInputs(178, 37) = Empty
    vntDefaultInputs(178, 38) = Empty
    vntDefaultInputs(178, 39) = Empty
    vntDefaultInputs(178, 40) = Empty
    vntDefaultInputs(178, 41) = Empty
    vntDefaultInputs(178, 42) = Empty
    vntDefaultInputs(178, 43) = Empty
    vntDefaultInputs(178, 44) = Empty
    vntDefaultInputs(178, 45) = Empty
    vntDefaultInputs(178, 46) = Empty
    vntDefaultInputs(179, 1) = 12
    vntDefaultInputs(179, 2) = 1
    vntDefaultInputs(179, 3) = 2
    vntDefaultInputs(179, 4) = 0.124
    vntDefaultInputs(179, 5) = ""MGD""
    vntDefaultInputs(179, 6) = 0.035
    vntDefaultInputs(179, 7) = ""MGD""
    vntDefaultInputs(179, 8) = ""regeneration off-site (non-hazardous)""
    vntDefaultInputs(179, 9) = ""carbon life value- bed volumes""
    vntDefaultInputs(179, 10) = 16900
    vntDefaultInputs(179, 11) = Empty
    vntDefaultInputs(179, 12) = Empty
    vntDefaultInputs(179, 13) = Empty
    vntDefaultInputs(179, 14) = ""EBCT""
    vntDefaultInputs(179, 15) = 7.5
    vntDefaultInputs(179, 16) = Empty
    vntDefaultInputs(179, 17) = Empty
    vntDefaultInputs(179, 18) = 1
    vntDefaultInputs(179, 19) = 6.9
    vntDefaultInputs(179, 20) = ""upright""
    vntDefaultInputs(179, 21) = 11
    vntDefaultInputs(179, 22) = 4
    vntDefaultInputs(179, 23) = Empty
    vntDefaultInputs(179, 24) = Empty
    vntDefaultInputs(179, 25) = Empty
    vntDefaultInputs(179, 26) = 168
    vntDefaultInputs(179, 27) = ""POTW""
    vntDefaultInputs(179, 28) = ""Holding tank""
    vntDefaultInputs(179, 29) = ""manual transfer""
    vntDefaultInputs(179, 30) = ""non-hazardous""
    vntDefaultInputs(179, 31) = Empty
    vntDefaultInputs(179, 32) = 0
    vntDefaultInputs(179, 33) = Empty
    vntDefaultInputs(179, 34) = Empty
    vntDefaultInputs(179, 35) = ""fully automated""
    vntDefaultInputs(179, 36) = Empty
    vntDefaultInputs(179, 37) = Empty
    vntDefaultInputs(179, 38) = Empty
    vntDefaultInputs(179, 39) = Empty
    vntDefaultInputs(179, 40) = Empty
    vntDefaultInputs(179, 41) = Empty
    vntDefaultInputs(179, 42) = Empty
    vntDefaultInputs(179, 43) = Empty
    vntDefaultInputs(179, 44) = Empty
    vntDefaultInputs(179, 45) = Empty
    vntDefaultInputs(179, 46) = Empty
    vntDefaultInputs(180, 1) = 12
    vntDefaultInputs(180, 2) = 1
    vntDefaultInputs(180, 3) = 3
    vntDefaultInputs(180, 4) = 0.305
    vntDefaultInputs(180, 5) = ""MGD""
    vntDefaultInputs(180, 6) = 0.094
    vntDefaultInputs(180, 7) = ""MGD""
    vntDefaultInputs(180, 8) = ""regeneration off-site (non-hazardous)""
    vntDefaultInputs(180, 9) = ""carbon life value- bed volumes""
    vntDefaultInputs(180, 10) = 16900
    vntDefaultInputs(180, 11) = Empty
    vntDefaultInputs(180, 12) = Empty
    vntDefaultInputs(180, 13) = Empty
    vntDefaultInputs(180, 14) = ""EBCT""
    vntDefaultInputs(180, 15) = 7.5
    vntDefaultInputs(180, 16) = Empty
    vntDefaultInputs(180, 17) = Empty
    vntDefaultInputs(180, 18) = 1
    vntDefaultInputs(180, 19) = 6.7
    vntDefaultInputs(180, 20) = ""upright""
    vntDefaultInputs(180, 21) = 11
    vntDefaultInputs(180, 22) = 4.5
    vntDefaultInputs(180, 23) = Empty
    vntDefaultInputs(180, 24) = Empty
    vntDefaultInputs(180, 25) = Empty
    vntDefaultInputs(180, 26) = 168
    vntDefaultInputs(180, 27) = ""POTW""
    vntDefaultInputs(180, 28) = ""Holding tank""
    vntDefaultInputs(180, 29) = ""manual transfer""
    vntDefaultInputs(180, 30) = ""non-hazardous""
    vntDefaultInputs(180, 31) = Empty
    vntDefaultInputs(180, 32) = 0
    vntDefaultInputs(180, 33) = Empty
    vntDefaultInputs(180, 34) = Empty
    vntDefaultInputs(180, 35) = ""fully automated""
    vntDefaultInputs(180, 36) = Empty
    vntDefaultInputs(180, 37) = Empty
    vntDefaultInputs(180, 38) = Empty
    vntDefaultInputs(180, 39) = Empty
    vntDefaultInputs(180, 40) = Empty
    vntDefaultInputs(180, 41) = Empty
    vntDefaultInputs(180, 42) = Empty
    vntDefaultInputs(180, 43) = Empty
    vntDefaultInputs(180, 44) = Empty
    vntDefaultInputs(180, 45) = Empty
    vntDefaultInputs(180, 46) = Empty
    vntDefaultInputs(181, 1) = 12
    vntDefaultInputs(181, 2) = 1
    vntDefaultInputs(181, 3) = 4
    vntDefaultInputs(181, 4) = 0.74
    vntDefaultInputs(181, 5) = ""MGD""
    vntDefaultInputs(181, 6) = 0.251
    vntDefaultInputs(181, 7) = ""MGD""
    vntDefaultInputs(181, 8) = ""regeneration off-site (non-hazardous)""
    vntDefaultInputs(181, 9) = ""carbon life value- bed volumes""
    vntDefaultInputs(181, 10) = 16900
    vntDefaultInputs(181, 11) = Empty
    vntDefaultInputs(181, 12) = Empty
    vntDefaultInputs(181, 13) = Empty
    vntDefaultInputs(181, 14) = ""EBCT""
    vntDefaultInputs(181, 15) = 7.5
    vntDefaultInputs(181, 16) = Empty
    vntDefaultInputs(181, 17) = Empty
    vntDefaultInputs(181, 18) = 1
    vntDefaultInputs(181, 19) = 6.7
    vntDefaultInputs(181, 20) = ""upright""
    vntDefaultInputs(181, 21) = 11
    vntDefaultInputs(181, 22) = 7
    vntDefaultInputs(181, 23) = Empty
    vntDefaultInputs(181, 24) = Empty
    vntDefaultInputs(181, 25) = Empty
    vntDefaultInputs(181, 26) = 168
    vntDefaultInputs(181, 27) = ""POTW""
    vntDefaultInputs(181, 28) = ""Holding tank""
    vntDefaultInputs(181, 29) = ""manual transfer""
    vntDefaultInputs(181, 30) = ""non-hazardous""
    vntDefaultInputs(181, 31) = Empty
    vntDefaultInputs(181, 32) = 0
    vntDefaultInputs(181, 33) = Empty
    vntDefaultInputs(181, 34) = Empty
    vntDefaultInputs(181, 35) = ""fully automated""
    vntDefaultInputs(181, 36) = Empty
    vntDefaultInputs(181, 37) = Empty
    vntDefaultInputs(181, 38) = Empty
    vntDefaultInputs(181, 39) = Empty
    vntDefaultInputs(181, 40) = Empty
    vntDefaultInputs(181, 41) = Empty
    vntDefaultInputs(181, 42) = Empty
    vntDefaultInputs(181, 43) = Empty
    vntDefaultInputs(181, 44) = Empty
    vntDefaultInputs(181, 45) = Empty
    vntDefaultInputs(181, 46) = Empty
    vntDefaultInputs(182, 1) = 12
    vntDefaultInputs(182, 2) = 1
    vntDefaultInputs(182, 3) = 5
    vntDefaultInputs(182, 4) = 2.152
    vntDefaultInputs(182, 5) = ""MGD""
    vntDefaultInputs(182, 6) = 0.819
    vntDefaultInputs(182, 7) = ""MGD""
    vntDefaultInputs(182, 8) = ""regeneration off-site (non-hazardous)""
    vntDefaultInputs(182, 9) = ""carbon life value- bed volumes""
    vntDefaultInputs(182, 10) = 16900
    vntDefaultInputs(182, 11) = Empty
    vntDefaultInputs(182, 12) = Empty
    vntDefaultInputs(182, 13) = Empty
    vntDefaultInputs(182, 14) = ""EBCT""
    vntDefaultInputs(182, 15) = 7.5
    vntDefaultInputs(182, 16) = Empty
    vntDefaultInputs(182, 17) = Empty
    vntDefaultInputs(182, 18) = 1
    vntDefaultInputs(182, 19) = 6.7
    vntDefaultInputs(182, 20) = ""upright""
    vntDefaultInputs(182, 21) = 11
    vntDefaultInputs(182, 22) = 8.5
    vntDefaultInputs(182, 23) = Empty
    vntDefaultInputs(182, 24) = Empty
    vntDefaultInputs(182, 25) = Empty
    vntDefaultInputs(182, 26) = 168
    vntDefaultInputs(182, 27) = ""POTW""
    vntDefaultInputs(182, 28) = ""Holding tank""
    vntDefaultInputs(182, 29) = ""eductors""
    vntDefaultInputs(182, 30) = ""non-hazardous""
    vntDefaultInputs(182, 31) = Empty
    vntDefaultInputs(182, 32) = 0
    vntDefaultInputs(182, 33) = Empty
    vntDefaultInputs(182, 34) = Empty
    vntDefaultInputs(182, 35) = ""fully automated""
    vntDefaultInputs(182, 36) = Empty
    vntDefaultInputs(182, 37) = Empty
    vntDefaultInputs(182, 38) = Empty
    vntDefaultInputs(182, 39) = Empty
    vntDefaultInputs(182, 40) = Empty
    vntDefaultInputs(182, 41) = Empty
    vntDefaultInputs(182, 42) = Empty
    vntDefaultInputs(182, 43) = Empty
    vntDefaultInputs(182, 44) = Empty
    vntDefaultInputs(182, 45) = Empty
    vntDefaultInputs(182, 46) = Empty
    vntDefaultInputs(183, 1) = 12
    vntDefaultInputs(183, 2) = 1
    vntDefaultInputs(183, 3) = 6
    vntDefaultInputs(183, 4) = 7.365
    vntDefaultInputs(183, 5) = ""MGD""
    vntDefaultInputs(183, 6) = 3.2
    vntDefaultInputs(183, 7) = ""MGD""
    vntDefaultInputs(183, 8) = ""regeneration off-site (non-hazardous)""
    vntDefaultInputs(183, 9) = ""carbon life value- bed volumes""
    vntDefaultInputs(183, 10) = 16900
    vntDefaultInputs(183, 11) = Empty
    vntDefaultInputs(183, 12) = Empty
    vntDefaultInputs(183, 13) = Empty
    vntDefaultInputs(183, 14) = ""EBCT""
    vntDefaultInputs(183, 15) = 7.5
    vntDefaultInputs(183, 16) = Empty
    vntDefaultInputs(183, 17) = Empty
    vntDefaultInputs(183, 18) = 1
    vntDefaultInputs(183, 19) = 6.2
    vntDefaultInputs(183, 20) = ""horizontal""
    vntDefaultInputs(183, 21) = 20
    vntDefaultInputs(183, 22) = 14
    vntDefaultInputs(183, 23) = Empty
    vntDefaultInputs(183, 24) = Empty
    vntDefaultInputs(183, 25) = Empty
    vntDefaultInputs(183, 26) = 168
    vntDefaultInputs(183, 27) = ""POTW""
    vntDefaultInputs(183, 28) = ""Holding tank""
    vntDefaultInputs(183, 29) = ""eductors""
    vntDefaultInputs(183, 30) = ""non-hazardous""
    vntDefaultInputs(183, 31) = Empty
    vntDefaultInputs(183, 32) = 0
    vntDefaultInputs(183, 33) = Empty
    vntDefaultInputs(183, 34) = Empty
    vntDefaultInputs(183, 35) = ""fully automated""
    vntDefaultInputs(183, 36) = Empty
    vntDefaultInputs(183, 37) = Empty
    vntDefaultInputs(183, 38) = Empty
    vntDefaultInputs(183, 39) = Empty
    vntDefaultInputs(183, 40) = Empty
    vntDefaultInputs(183, 41) = Empty
    vntDefaultInputs(183, 42) = Empty
    vntDefaultInputs(183, 43) = Empty
    vntDefaultInputs(183, 44) = Empty
    vntDefaultInputs(183, 45) = Empty
    vntDefaultInputs(183, 46) = Empty
    vntDefaultInputs(184, 1) = 12
    vntDefaultInputs(184, 2) = 1
    vntDefaultInputs(184, 3) = 7
    vntDefaultInputs(184, 4) = 22.614
    vntDefaultInputs(184, 5) = ""MGD""
    vntDefaultInputs(184, 6) = 11.066
    vntDefaultInputs(184, 7) = ""MGD""
    vntDefaultInputs(184, 8) = ""regeneration off-site (non-hazardous)""
    vntDefaultInputs(184, 9) = ""carbon life value- bed volumes""
    vntDefaultInputs(184, 10) = 16900
    vntDefaultInputs(184, 11) = Empty
    vntDefaultInputs(184, 12) = Empty
    vntDefaultInputs(184, 13) = Empty
    vntDefaultInputs(184, 14) = ""EBCT""
    vntDefaultInputs(184, 15) = 7.5
    vntDefaultInputs(184, 16) = Empty
    vntDefaultInputs(184, 17) = Empty
    vntDefaultInputs(184, 18) = 1
    vntDefaultInputs(184, 19) = 7.1
    vntDefaultInputs(184, 20) = ""horizontal""
    vntDefaultInputs(184, 21) = 20
    vntDefaultInputs(184, 22) = 14
    vntDefaultInputs(184, 23) = Empty
    vntDefaultInputs(184, 24) = Empty
    vntDefaultInputs(184, 25) = Empty
    vntDefaultInputs(184, 26) = 168
    vntDefaultInputs(184, 27) = ""POTW""
    vntDefaultInputs(184, 28) = ""Holding tank""
    vntDefaultInputs(184, 29) = ""eductors""
    vntDefaultInputs(184, 30) = ""non-hazardous""
    vntDefaultInputs(184, 31) = Empty
    vntDefaultInputs(184, 32) = 0
    vntDefaultInputs(184, 33) = Empty
    vntDefaultInputs(184, 34) = Empty
    vntDefaultInputs(184, 35) = ""fully automated""
    vntDefaultInputs(184, 36) = Empty
    vntDefaultInputs(184, 37) = Empty
    vntDefaultInputs(184, 38) = Empty
    vntDefaultInputs(184, 39) = Empty
    vntDefaultInputs(184, 40) = Empty
    vntDefaultInputs(184, 41) = Empty
    vntDefaultInputs(184, 42) = Empty
    vntDefaultInputs(184, 43) = Empty
    vntDefaultInputs(184, 44) = Empty
    vntDefaultInputs(184, 45) = Empty
    vntDefaultInputs(184, 46) = Empty
    vntDefaultInputs(185, 1) = 12
    vntDefaultInputs(185, 2) = 1
    vntDefaultInputs(185, 3) = 8
    vntDefaultInputs(185, 4) = 75.072
    vntDefaultInputs(185, 5) = ""MGD""
    vntDefaultInputs(185, 6) = 37.536
    vntDefaultInputs(185, 7) = ""MGD""
    vntDefaultInputs(185, 8) = ""regeneration off-site (non-hazardous)""
    vntDefaultInputs(185, 9) = ""carbon life value- bed volumes""
    vntDefaultInputs(185, 10) = 16900
    vntDefaultInputs(185, 11) = Empty
    vntDefaultInputs(185, 12) = Empty
    vntDefaultInputs(185, 13) = Empty
    vntDefaultInputs(185, 14) = ""EBCT""
    vntDefaultInputs(185, 15) = 7.5
    vntDefaultInputs(185, 16) = Empty
    vntDefaultInputs(185, 17) = Empty
    vntDefaultInputs(185, 18) = 1
    vntDefaultInputs(185, 19) = 7.2
    vntDefaultInputs(185, 20) = ""horizontal""
    vntDefaultInputs(185, 21) = 20
    vntDefaultInputs(185, 22) = 14
    vntDefaultInputs(185, 23) = Empty
    vntDefaultInputs(185, 24) = Empty
    vntDefaultInputs(185, 25) = Empty
    vntDefaultInputs(185, 26) = 168
    vntDefaultInputs(185, 27) = ""POTW""
    vntDefaultInputs(185, 28) = ""Holding tank""
    vntDefaultInputs(185, 29) = ""eductors""
    vntDefaultInputs(185, 30) = ""non-hazardous""
    vntDefaultInputs(185, 31) = Empty
    vntDefaultInputs(185, 32) = 0
    vntDefaultInputs(185, 33) = Empty
    vntDefaultInputs(185, 34) = Empty
    vntDefaultInputs(185, 35) = ""fully automated""
    vntDefaultInputs(185, 36) = Empty
    vntDefaultInputs(185, 37) = Empty
    vntDefaultInputs(185, 38) = Empty
    vntDefaultInputs(185, 39) = Empty
    vntDefaultInputs(185, 40) = Empty
    vntDefaultInputs(185, 41) = Empty
    vntDefaultInputs(185, 42) = Empty
    vntDefaultInputs(185, 43) = Empty
    vntDefaultInputs(185, 44) = Empty
    vntDefaultInputs(185, 45) = Empty
    vntDefaultInputs(185, 46) = Empty
    vntDefaultInputs(186, 1) = 12
    vntDefaultInputs(186, 2) = 2
    vntDefaultInputs(186, 3) = 1
    vntDefaultInputs(186, 4) = 0.03
    vntDefaultInputs(186, 5) = ""MGD""
    vntDefaultInputs(186, 6) = 0.007
    vntDefaultInputs(186, 7) = ""MGD""
    vntDefaultInputs(186, 8) = ""regeneration off-site (non-hazardous)""
    vntDefaultInputs(186, 9) = ""carbon life value- bed volumes""
    vntDefaultInputs(186, 10) = 16900
    vntDefaultInputs(186, 11) = Empty
    vntDefaultInputs(186, 12) = Empty
    vntDefaultInputs(186, 13) = Empty
    vntDefaultInputs(186, 14) = ""EBCT""
    vntDefaultInputs(186, 15) = 7.5
    vntDefaultInputs(186, 16) = Empty
    vntDefaultInputs(186, 17) = Empty
    vntDefaultInputs(186, 18) = Empty
    vntDefaultInputs(186, 19) = Empty
    vntDefaultInputs(186, 20) = Empty
    vntDefaultInputs(186, 21) = Empty
    vntDefaultInputs(186, 22) = Empty
    vntDefaultInputs(186, 23) = 6
    vntDefaultInputs(186, 24) = 6
    vntDefaultInputs(186, 25) = 3
    vntDefaultInputs(186, 26) = 168
    vntDefaultInputs(186, 27) = ""POTW""
    vntDefaultInputs(186, 28) = ""holding tank""
    vntDefaultInputs(186, 29) = ""manual transfer""
    vntDefaultInputs(186, 30) = ""non-hazardous""
    vntDefaultInputs(186, 31) = Empty
    vntDefaultInputs(186, 32) = 0
    vntDefaultInputs(186, 33) = Empty
    vntDefaultInputs(186, 34) = Empty
    vntDefaultInputs(186, 35) = ""fully automated""
    vntDefaultInputs(186, 36) = Empty
    vntDefaultInputs(186, 37) = Empty
    vntDefaultInputs(186, 38) = Empty
    vntDefaultInputs(186, 39) = Empty
    vntDefaultInputs(186, 40) = Empty
    vntDefaultInputs(186, 41) = Empty
    vntDefaultInputs(186, 42) = Empty
    vntDefaultInputs(186, 43) = Empty
    vntDefaultInputs(186, 44) = Empty
    vntDefaultInputs(186, 45) = Empty
    vntDefaultInputs(186, 46) = Empty
    vntDefaultInputs(187, 1) = 12
    vntDefaultInputs(187, 2) = 2
    vntDefaultInputs(187, 3) = 2
    vntDefaultInputs(187, 4) = 0.124
    vntDefaultInputs(187, 5) = ""MGD""
    vntDefaultInputs(187, 6) = 0.035
    vntDefaultInputs(187, 7) = ""MGD""
    vntDefaultInputs(187, 8) = ""regeneration off-site (non-hazardous)""
    vntDefaultInputs(187, 9) = ""carbon life value- bed volumes""
    vntDefaultInputs(187, 10) = 16900
    vntDefaultInputs(187, 11) = Empty
    vntDefaultInputs(187, 12) = Empty
    vntDefaultInputs(187, 13) = Empty
    vntDefaultInputs(187, 14) = ""EBCT""
    vntDefaultInputs(187, 15) = 7.5
    vntDefaultInputs(187, 16) = Empty
    vntDefaultInputs(187, 17) = Empty
    vntDefaultInputs(187, 18) = Empty
    vntDefaultInputs(187, 19) = Empty
    vntDefaultInputs(187, 20) = Empty
    vntDefaultInputs(187, 21) = Empty
    vntDefaultInputs(187, 22) = Empty
    vntDefaultInputs(187, 23) = 6
    vntDefaultInputs(187, 24) = 6
    vntDefaultInputs(187, 25) = 3
    vntDefaultInputs(187, 26) = 168
    vntDefaultInputs(187, 27) = ""POTW""
    vntDefaultInputs(187, 28) = ""holding tank""
    vntDefaultInputs(187, 29) = ""manual transfer""
    vntDefaultInputs(187, 30) = ""non-hazardous""
    vntDefaultInputs(187, 31) = Empty
    vntDefaultInputs(187, 32) = 0
    vntDefaultInputs(187, 33) = Empty
    vntDefaultInputs(187, 34) = Empty
    vntDefaultInputs(187, 35) = ""fully automated""
    vntDefaultInputs(187, 36) = Empty
    vntDefaultInputs(187, 37) = Empty
    vntDefaultInputs(187, 38) = Empty
    vntDefaultInputs(187, 39) = Empty
    vntDefaultInputs(187, 40) = Empty
    vntDefaultInputs(187, 41) = Empty
    vntDefaultInputs(187, 42) = Empty
    vntDefaultInputs(187, 43) = Empty
    vntDefaultInputs(187, 44) = Empty
    vntDefaultInputs(187, 45) = Empty
    vntDefaultInputs(187, 46) = Empty
    vntDefaultInputs(188, 1) = 12
    vntDefaultInputs(188, 2) = 2
    vntDefaultInputs(188, 3) = 3
    vntDefaultInputs(188, 4) = 0.305
    vntDefaultInputs(188, 5) = ""MGD""
    vntDefaultInputs(188, 6) = 0.094
    vntDefaultInputs(188, 7) = ""MGD""
    vntDefaultInputs(188, 8) = ""regeneration off-site (non-hazardous)""
    vntDefaultInputs(188, 9) = ""carbon life value- bed volumes""
    vntDefaultInputs(188, 10) = 16900
    vntDefaultInputs(188, 11) = Empty
    vntDefaultInputs(188, 12) = Empty
    vntDefaultInputs(188, 13) = Empty
    vntDefaultInputs(188, 14) = ""EBCT""
    vntDefaultInputs(188, 15) = 7.5
    vntDefaultInputs(188, 16) = Empty
    vntDefaultInputs(188, 17) = Empty
    vntDefaultInputs(188, 18) = Empty
    vntDefaultInputs(188, 19) = Empty
    vntDefaultInputs(188, 20) = Empty
    vntDefaultInputs(188, 21) = Empty
    vntDefaultInputs(188, 22) = Empty
    vntDefaultInputs(188, 23) = 6
    vntDefaultInputs(188, 24) = 6
    vntDefaultInputs(188, 25) = 3
    vntDefaultInputs(188, 26) = 168
    vntDefaultInputs(188, 27) = ""POTW""
    vntDefaultInputs(188, 28) = ""holding tank""
    vntDefaultInputs(188, 29) = ""manual transfer""
    vntDefaultInputs(188, 30) = ""non-hazardous""
    vntDefaultInputs(188, 31) = Empty
    vntDefaultInputs(188, 32) = 0
    vntDefaultInputs(188, 33) = Empty
    vntDefaultInputs(188, 34) = Empty
    vntDefaultInputs(188, 35) = ""fully automated""
    vntDefaultInputs(188, 36) = Empty
    vntDefaultInputs(188, 37) = Empty
    vntDefaultInputs(188, 38) = Empty
    vntDefaultInputs(188, 39) = Empty
    vntDefaultInputs(188, 40) = Empty
    vntDefaultInputs(188, 41) = Empty
    vntDefaultInputs(188, 42) = Empty
    vntDefaultInputs(188, 43) = Empty
    vntDefaultInputs(188, 44) = Empty
    vntDefaultInputs(188, 45) = Empty
    vntDefaultInputs(188, 46) = Empty
    vntDefaultInputs(189, 1) = 12
    vntDefaultInputs(189, 2) = 2
    vntDefaultInputs(189, 3) = 4
    vntDefaultInputs(189, 4) = 0.74
    vntDefaultInputs(189, 5) = ""MGD""
    vntDefaultInputs(189, 6) = 0.251
    vntDefaultInputs(189, 7) = ""MGD""
    vntDefaultInputs(189, 8) = ""regeneration off-site (non-hazardous)""
    vntDefaultInputs(189, 9) = ""carbon life value- bed volumes""
    vntDefaultInputs(189, 10) = 16900
    vntDefaultInputs(189, 11) = Empty
    vntDefaultInputs(189, 12) = Empty
    vntDefaultInputs(189, 13) = Empty
    vntDefaultInputs(189, 14) = ""EBCT""
    vntDefaultInputs(189, 15) = 7.5
    vntDefaultInputs(189, 16) = Empty
    vntDefaultInputs(189, 17) = Empty
    vntDefaultInputs(189, 18) = Empty
    vntDefaultInputs(189, 19) = Empty
    vntDefaultInputs(189, 20) = Empty
    vntDefaultInputs(189, 21) = Empty
    vntDefaultInputs(189, 22) = Empty
    vntDefaultInputs(189, 23) = 7
    vntDefaultInputs(189, 24) = 7
    vntDefaultInputs(189, 25) = 5.3
    vntDefaultInputs(189, 26) = 168
    vntDefaultInputs(189, 27) = ""POTW""
    vntDefaultInputs(189, 28) = ""holding tank""
    vntDefaultInputs(189, 29) = ""manual transfer""
    vntDefaultInputs(189, 30) = ""non-hazardous""
    vntDefaultInputs(189, 31) = Empty
    vntDefaultInputs(189, 32) = 0
    vntDefaultInputs(189, 33) = Empty
    vntDefaultInputs(189, 34) = Empty
    vntDefaultInputs(189, 35) = ""fully automated""
    vntDefaultInputs(189, 36) = Empty
    vntDefaultInputs(189, 37) = Empty
    vntDefaultInputs(189, 38) = Empty
    vntDefaultInputs(189, 39) = Empty
    vntDefaultInputs(189, 40) = Empty
    vntDefaultInputs(189, 41) = Empty
    vntDefaultInputs(189, 42) = Empty
    vntDefaultInputs(189, 43) = Empty
    vntDefaultInputs(189, 44) = Empty
    vntDefaultInputs(189, 45) = Empty
    vntDefaultInputs(189, 46) = Empty
    vntDefaultInputs(190, 1) = 12
    vntDefaultInputs(190, 2) = 2
    vntDefaultInputs(190, 3) = 5
    vntDefaultInputs(190, 4) = 2.152
    vntDefaultInputs(190, 5) = ""MGD""
    vntDefaultInputs(190, 6) = 0.819
    vntDefaultInputs(190, 7) = ""MGD""
    vntDefaultInputs(190, 8) = ""regeneration off-site (non-hazardous)""
    vntDefaultInputs(190, 9) = ""carbon life value- bed volumes""
    vntDefaultInputs(190, 10) = 16900
    vntDefaultInputs(190, 11) = Empty
    vntDefaultInputs(190, 12) = Empty
    vntDefaultInputs(190, 13) = Empty
    vntDefaultInputs(190, 14) = ""EBCT""
    vntDefaultInputs(190, 15) = 7.5
    vntDefaultInputs(190, 16) = Empty
    vntDefaultInputs(190, 17) = Empty
    vntDefaultInputs(190, 18) = Empty
    vntDefaultInputs(190, 19) = Empty
    vntDefaultInputs(190, 20) = Empty
    vntDefaultInputs(190, 21) = Empty
    vntDefaultInputs(190, 22) = Empty
    vntDefaultInputs(190, 23) = 8
    vntDefaultInputs(190, 24) = 8
    vntDefaultInputs(190, 25) = 7.9
    vntDefaultInputs(190, 26) = 168
    vntDefaultInputs(190, 27) = ""POTW""
    vntDefaultInputs(190, 28) = ""holding tank""
    vntDefaultInputs(190, 29) = ""eductors""
    vntDefaultInputs(190, 30) = ""non-hazardous""
    vntDefaultInputs(190, 31) = Empty
    vntDefaultInputs(190, 32) = 0
    vntDefaultInputs(190, 33) = Empty
    vntDefaultInputs(190, 34) = Empty
    vntDefaultInputs(190, 35) = ""fully automated""
    vntDefaultInputs(190, 36) = Empty
    vntDefaultInputs(190, 37) = Empty
    vntDefaultInputs(190, 38) = Empty
    vntDefaultInputs(190, 39) = Empty
    vntDefaultInputs(190, 40) = Empty
    vntDefaultInputs(190, 41) = Empty
    vntDefaultInputs(190, 42) = Empty
    vntDefaultInputs(190, 43) = Empty
    vntDefaultInputs(190, 44) = Empty
    vntDefaultInputs(190, 45) = Empty
    vntDefaultInputs(190, 46) = Empty
    vntDefaultInputs(191, 1) = 12
    vntDefaultInputs(191, 2) = 2
    vntDefaultInputs(191, 3) = 6
    vntDefaultInputs(191, 4) = 7.365
    vntDefaultInputs(191, 5) = ""MGD""
    vntDefaultInputs(191, 6) = 3.2
    vntDefaultInputs(191, 7) = ""MGD""
    vntDefaultInputs(191, 8) = ""regeneration off-site (non-hazardous)""
    vntDefaultInputs(191, 9) = ""carbon life value- bed volumes""
    vntDefaultInputs(191, 10) = 16900
    vntDefaultInputs(191, 11) = Empty
    vntDefaultInputs(191, 12) = Empty
    vntDefaultInputs(191, 13) = Empty
    vntDefaultInputs(191, 14) = ""EBCT""
    vntDefaultInputs(191, 15) = 7.5
    vntDefaultInputs(191, 16) = Empty
    vntDefaultInputs(191, 17) = Empty
    vntDefaultInputs(191, 18) = Empty
    vntDefaultInputs(191, 19) = Empty
    vntDefaultInputs(191, 20) = Empty
    vntDefaultInputs(191, 21) = Empty
    vntDefaultInputs(191, 22) = Empty
    vntDefaultInputs(191, 23) = 11.5
    vntDefaultInputs(191, 24) = 11.5
    vntDefaultInputs(191, 25) = 7.8
    vntDefaultInputs(191, 26) = 168
    vntDefaultInputs(191, 27) = ""POTW""
    vntDefaultInputs(191, 28) = ""holding tank""
    vntDefaultInputs(191, 29) = ""eductors""
    vntDefaultInputs(191, 30) = ""non-hazardous""
    vntDefaultInputs(191, 31) = Empty
    vntDefaultInputs(191, 32) = 0
    vntDefaultInputs(191, 33) = Empty
    vntDefaultInputs(191, 34) = Empty
    vntDefaultInputs(191, 35) = ""fully automated""
    vntDefaultInputs(191, 36) = Empty
    vntDefaultInputs(191, 37) = Empty
    vntDefaultInputs(191, 38) = Empty
    vntDefaultInputs(191, 39) = Empty
    vntDefaultInputs(191, 40) = Empty
    vntDefaultInputs(191, 41) = Empty
    vntDefaultInputs(191, 42) = Empty
    vntDefaultInputs(191, 43) = Empty
    vntDefaultInputs(191, 44) = Empty
    vntDefaultInputs(191, 45) = Empty
    vntDefaultInputs(191, 46) = Empty
    vntDefaultInputs(192, 1) = 12
    vntDefaultInputs(192, 2) = 2
    vntDefaultInputs(192, 3) = 7
    vntDefaultInputs(192, 4) = 22.614
    vntDefaultInputs(192, 5) = ""MGD""
    vntDefaultInputs(192, 6) = 11.066
    vntDefaultInputs(192, 7) = ""MGD""
    vntDefaultInputs(192, 8) = ""regeneration off-site (non-hazardous)""
    vntDefaultInputs(192, 9) = ""carbon life value- bed volumes""
    vntDefaultInputs(192, 10) = 16900
    vntDefaultInputs(192, 11) = Empty
    vntDefaultInputs(192, 12) = Empty
    vntDefaultInputs(192, 13) = Empty
    vntDefaultInputs(192, 14) = ""EBCT""
    vntDefaultInputs(192, 15) = 7.5
    vntDefaultInputs(192, 16) = Empty
    vntDefaultInputs(192, 17) = Empty
    vntDefaultInputs(192, 18) = Empty
    vntDefaultInputs(192, 19) = Empty
    vntDefaultInputs(192, 20) = Empty
    vntDefaultInputs(192, 21) = Empty
    vntDefaultInputs(192, 22) = Empty
    vntDefaultInputs(192, 23) = 15
    vntDefaultInputs(192, 24) = 15
    vntDefaultInputs(192, 25) = 7.8
    vntDefaultInputs(192, 26) = 168
    vntDefaultInputs(192, 27) = ""POTW""
    vntDefaultInputs(192, 28) = ""holding tank""
    vntDefaultInputs(192, 29) = ""eductors""
    vntDefaultInputs(192, 30) = ""non-hazardous""
    vntDefaultInputs(192, 31) = Empty
    vntDefaultInputs(192, 32) = 0
    vntDefaultInputs(192, 33) = Empty
    vntDefaultInputs(192, 34) = Empty
    vntDefaultInputs(192, 35) = ""fully automated""
    vntDefaultInputs(192, 36) = Empty
    vntDefaultInputs(192, 37) = Empty
    vntDefaultInputs(192, 38) = Empty
    vntDefaultInputs(192, 39) = Empty
    vntDefaultInputs(192, 40) = Empty
    vntDefaultInputs(192, 41) = Empty
    vntDefaultInputs(192, 42) = Empty
    vntDefaultInputs(192, 43) = Empty
    vntDefaultInputs(192, 44) = Empty
    vntDefaultInputs(192, 45) = Empty
    vntDefaultInputs(192, 46) = Empty
    vntDefaultInputs(193, 1) = 12
    vntDefaultInputs(193, 2) = 2
    vntDefaultInputs(193, 3) = 8
    vntDefaultInputs(193, 4) = 75.072
    vntDefaultInputs(193, 5) = ""MGD""
    vntDefaultInputs(193, 6) = 37.536
    vntDefaultInputs(193, 7) = ""MGD""
    vntDefaultInputs(193, 8) = ""regeneration off-site (non-hazardous)""
    vntDefaultInputs(193, 9) = ""carbon life value- bed volumes""
    vntDefaultInputs(193, 10) = 16900
    vntDefaultInputs(193, 11) = Empty
    vntDefaultInputs(193, 12) = Empty
    vntDefaultInputs(193, 13) = Empty
    vntDefaultInputs(193, 14) = ""EBCT""
    vntDefaultInputs(193, 15) = 7.5
    vntDefaultInputs(193, 16) = Empty
    vntDefaultInputs(193, 17) = Empty
    vntDefaultInputs(193, 18) = Empty
    vntDefaultInputs(193, 19) = Empty
    vntDefaultInputs(193, 20) = Empty
    vntDefaultInputs(193, 21) = Empty
    vntDefaultInputs(193, 22) = Empty
    vntDefaultInputs(193, 23) = 30
    vntDefaultInputs(193, 24) = 30
    vntDefaultInputs(193, 25) = 9.7
    vntDefaultInputs(193, 26) = 168
    vntDefaultInputs(193, 27) = ""POTW""
    vntDefaultInputs(193, 28) = ""holding tank""
    vntDefaultInputs(193, 29) = ""eductors""
    vntDefaultInputs(193, 30) = ""non-hazardous""
    vntDefaultInputs(193, 31) = Empty
    vntDefaultInputs(193, 32) = 0
    vntDefaultInputs(193, 33) = Empty
    vntDefaultInputs(193, 34) = Empty
    vntDefaultInputs(193, 35) = ""fully automated""
    vntDefaultInputs(193, 36) = Empty
    vntDefaultInputs(193, 37) = Empty
    vntDefaultInputs(193, 38) = Empty
    vntDefaultInputs(193, 39) = Empty
    vntDefaultInputs(193, 40) = Empty
    vntDefaultInputs(193, 41) = Empty
    vntDefaultInputs(193, 42) = Empty
    vntDefaultInputs(193, 43) = Empty
    vntDefaultInputs(193, 44) = Empty
    vntDefaultInputs(193, 45) = Empty
    vntDefaultInputs(193, 46) = Empty
    
        
    rngStdInputs1 = vntDefaultInputs
End Sub
    Sub RestoreInputs5()
    Dim vntDefaultInputs(194 To 241, 1 To 46) As Variant
    Dim wsStdInputs As Worksheet
    Dim rngStdInputs1 As Range
    
    Set wsStdInputs = ThisWorkbook.Worksheets(STDIN_WSN)
    Set rngStdInputs1 = wsStdInputs.Range(""A201"", ""AT248"")
    
    vntDefaultInputs(194, 1) = 13
    vntDefaultInputs(194, 2) = 1
    vntDefaultInputs(194, 3) = 1
    vntDefaultInputs(194, 4) = 0.03
    vntDefaultInputs(194, 5) = ""MGD""
    vntDefaultInputs(194, 6) = 0.007
    vntDefaultInputs(194, 7) = ""MGD""
    vntDefaultInputs(194, 8) = ""regeneration off-site (non-hazardous)""
    vntDefaultInputs(194, 9) = ""carbon life value- bed volumes""
    vntDefaultInputs(194, 10) = 5560
    vntDefaultInputs(194, 11) = Empty
    vntDefaultInputs(194, 12) = Empty
    vntDefaultInputs(194, 13) = Empty
    vntDefaultInputs(194, 14) = ""EBCT""
    vntDefaultInputs(194, 15) = 7.5
    vntDefaultInputs(194, 16) = Empty
    vntDefaultInputs(194, 17) = Empty
    vntDefaultInputs(194, 18) = 1
    vntDefaultInputs(194, 19) = 3.4
    vntDefaultInputs(194, 20) = ""upright""
    vntDefaultInputs(194, 21) = 6
    vntDefaultInputs(194, 22) = 2
    vntDefaultInputs(194, 23) = Empty
    vntDefaultInputs(194, 24) = Empty
    vntDefaultInputs(194, 25) = Empty
    vntDefaultInputs(194, 26) = 168
    vntDefaultInputs(194, 27) = ""POTW""
    vntDefaultInputs(194, 28) = ""no holding tank""
    vntDefaultInputs(194, 29) = ""manual transfer""
    vntDefaultInputs(194, 30) = Empty
    vntDefaultInputs(194, 31) = Empty
    vntDefaultInputs(194, 32) = 0
    vntDefaultInputs(194, 33) = Empty
    vntDefaultInputs(194, 34) = Empty
    vntDefaultInputs(194, 35) = ""fully automated""
    vntDefaultInputs(194, 36) = Empty
    vntDefaultInputs(194, 37) = Empty
    vntDefaultInputs(194, 38) = Empty
    vntDefaultInputs(194, 39) = Empty
    vntDefaultInputs(194, 40) = Empty
    vntDefaultInputs(194, 41) = Empty
    vntDefaultInputs(194, 42) = Empty
    vntDefaultInputs(194, 43) = Empty
    vntDefaultInputs(194, 44) = Empty
    vntDefaultInputs(194, 45) = Empty
    vntDefaultInputs(194, 46) = Empty
    vntDefaultInputs(195, 1) = 13
    vntDefaultInputs(195, 2) = 1
    vntDefaultInputs(195, 3) = 2
    vntDefaultInputs(195, 4) = 0.124
    vntDefaultInputs(195, 5) = ""MGD""
    vntDefaultInputs(195, 6) = 0.035
    vntDefaultInputs(195, 7) = ""MGD""
    vntDefaultInputs(195, 8) = ""regeneration off-site (non-hazardous)""
    vntDefaultInputs(195, 9) = ""carbon life value- bed volumes""
    vntDefaultInputs(195, 10) = 5560
    vntDefaultInputs(195, 11) = Empty
    vntDefaultInputs(195, 12) = Empty
    vntDefaultInputs(195, 13) = Empty
    vntDefaultInputs(195, 14) = ""EBCT""
    vntDefaultInputs(195, 15) = 7.5
    vntDefaultInputs(195, 16) = Empty
    vntDefaultInputs(195, 17) = Empty
    vntDefaultInputs(195, 18) = 1
    vntDefaultInputs(195, 19) = 6.9
    vntDefaultInputs(195, 20) = ""upright""
    vntDefaultInputs(195, 21) = 11
    vntDefaultInputs(195, 22) = 4
    vntDefaultInputs(195, 23) = Empty
    vntDefaultInputs(195, 24) = Empty
    vntDefaultInputs(195, 25) = Empty
    vntDefaultInputs(195, 26) = 168
    vntDefaultInputs(195, 27) = ""POTW""
    vntDefaultInputs(195, 28) = ""Holding tank""
    vntDefaultInputs(195, 29) = ""manual transfer""
    vntDefaultInputs(195, 30) = ""non-hazardous""
    vntDefaultInputs(195, 31) = Empty
    vntDefaultInputs(195, 32) = 0
    vntDefaultInputs(195, 33) = Empty
    vntDefaultInputs(195, 34) = Empty
    vntDefaultInputs(195, 35) = ""fully automated""
    vntDefaultInputs(195, 36) = Empty
    vntDefaultInputs(195, 37) = Empty
    vntDefaultInputs(195, 38) = Empty
    vntDefaultInputs(195, 39) = Empty
    vntDefaultInputs(195, 40) = Empty
    vntDefaultInputs(195, 41) = Empty
    vntDefaultInputs(195, 42) = Empty
    vntDefaultInputs(195, 43) = Empty
    vntDefaultInputs(195, 44) = Empty
    vntDefaultInputs(195, 45) = Empty
    vntDefaultInputs(195, 46) = Empty
    vntDefaultInputs(196, 1) = 13
    vntDefaultInputs(196, 2) = 1
    vntDefaultInputs(196, 3) = 3
    vntDefaultInputs(196, 4) = 0.305
    vntDefaultInputs(196, 5) = ""MGD""
    vntDefaultInputs(196, 6) = 0.094
    vntDefaultInputs(196, 7) = ""MGD""
    vntDefaultInputs(196, 8) = ""regeneration off-site (non-hazardous)""
    vntDefaultInputs(196, 9) = ""carbon life value- bed volumes""
    vntDefaultInputs(196, 10) = 5560
    vntDefaultInputs(196, 11) = Empty
    vntDefaultInputs(196, 12) = Empty
    vntDefaultInputs(196, 13) = Empty
    vntDefaultInputs(196, 14) = ""EBCT""
    vntDefaultInputs(196, 15) = 7.5
    vntDefaultInputs(196, 16) = Empty
    vntDefaultInputs(196, 17) = Empty
    vntDefaultInputs(196, 18) = 1
    vntDefaultInputs(196, 19) = 6.7
    vntDefaultInputs(196, 20) = ""upright""
    vntDefaultInputs(196, 21) = 11
    vntDefaultInputs(196, 22) = 4.5
    vntDefaultInputs(196, 23) = Empty
    vntDefaultInputs(196, 24) = Empty
    vntDefaultInputs(196, 25) = Empty
    vntDefaultInputs(196, 26) = 168
    vntDefaultInputs(196, 27) = ""POTW""
    vntDefaultInputs(196, 28) = ""Holding tank""
    vntDefaultInputs(196, 29) = ""manual transfer""
    vntDefaultInputs(196, 30) = ""non-hazardous""
    vntDefaultInputs(196, 31) = Empty
    vntDefaultInputs(196, 32) = 0
    vntDefaultInputs(196, 33) = Empty
    vntDefaultInputs(196, 34) = Empty
    vntDefaultInputs(196, 35) = ""fully automated""
    vntDefaultInputs(196, 36) = Empty
    vntDefaultInputs(196, 37) = Empty
    vntDefaultInputs(196, 38) = Empty
    vntDefaultInputs(196, 39) = Empty
    vntDefaultInputs(196, 40) = Empty
    vntDefaultInputs(196, 41) = Empty
    vntDefaultInputs(196, 42) = Empty
    vntDefaultInputs(196, 43) = Empty
    vntDefaultInputs(196, 44) = Empty
    vntDefaultInputs(196, 45) = Empty
    vntDefaultInputs(196, 46) = Empty
    vntDefaultInputs(197, 1) = 13
    vntDefaultInputs(197, 2) = 1
    vntDefaultInputs(197, 3) = 4
    vntDefaultInputs(197, 4) = 0.74
    vntDefaultInputs(197, 5) = ""MGD""
    vntDefaultInputs(197, 6) = 0.251
    vntDefaultInputs(197, 7) = ""MGD""
    vntDefaultInputs(197, 8) = ""regeneration off-site (non-hazardous)""
    vntDefaultInputs(197, 9) = ""carbon life value- bed volumes""
    vntDefaultInputs(197, 10) = 5560
    vntDefaultInputs(197, 11) = Empty
    vntDefaultInputs(197, 12) = Empty
    vntDefaultInputs(197, 13) = Empty
    vntDefaultInputs(197, 14) = ""EBCT""
    vntDefaultInputs(197, 15) = 7.5
    vntDefaultInputs(197, 16) = Empty
    vntDefaultInputs(197, 17) = Empty
    vntDefaultInputs(197, 18) = 1
    vntDefaultInputs(197, 19) = 6.7
    vntDefaultInputs(197, 20) = ""upright""
    vntDefaultInputs(197, 21) = 11
    vntDefaultInputs(197, 22) = 7
    vntDefaultInputs(197, 23) = Empty
    vntDefaultInputs(197, 24) = Empty
    vntDefaultInputs(197, 25) = Empty
    vntDefaultInputs(197, 26) = 168
    vntDefaultInputs(197, 27) = ""POTW""
    vntDefaultInputs(197, 28) = ""Holding tank""
    vntDefaultInputs(197, 29) = ""manual transfer""
    vntDefaultInputs(197, 30) = ""non-hazardous""
    vntDefaultInputs(197, 31) = Empty
    vntDefaultInputs(197, 32) = 0
    vntDefaultInputs(197, 33) = Empty
    vntDefaultInputs(197, 34) = Empty
    vntDefaultInputs(197, 35) = ""fully automated""
    vntDefaultInputs(197, 36) = Empty
    vntDefaultInputs(197, 37) = Empty
    vntDefaultInputs(197, 38) = Empty
    vntDefaultInputs(197, 39) = Empty
    vntDefaultInputs(197, 40) = Empty
    vntDefaultInputs(197, 41) = Empty
    vntDefaultInputs(197, 42) = Empty
    vntDefaultInputs(197, 43) = Empty
    vntDefaultInputs(197, 44) = Empty
    vntDefaultInputs(197, 45) = Empty
    vntDefaultInputs(197, 46) = Empty
    vntDefaultInputs(198, 1) = 13
    vntDefaultInputs(198, 2) = 1
    vntDefaultInputs(198, 3) = 5
    vntDefaultInputs(198, 4) = 2.152
    vntDefaultInputs(198, 5) = ""MGD""
    vntDefaultInputs(198, 6) = 0.819
    vntDefaultInputs(198, 7) = ""MGD""
    vntDefaultInputs(198, 8) = ""regeneration off-site (non-hazardous)""
    vntDefaultInputs(198, 9) = ""carbon life value- bed volumes""
    vntDefaultInputs(198, 10) = 5560
    vntDefaultInputs(198, 11) = Empty
    vntDefaultInputs(198, 12) = Empty
    vntDefaultInputs(198, 13) = Empty
    vntDefaultInputs(198, 14) = ""EBCT""
    vntDefaultInputs(198, 15) = 7.5
    vntDefaultInputs(198, 16) = Empty
    vntDefaultInputs(198, 17) = Empty
    vntDefaultInputs(198, 18) = 1
    vntDefaultInputs(198, 19) = 6.7
    vntDefaultInputs(198, 20) = ""upright""
    vntDefaultInputs(198, 21) = 11
    vntDefaultInputs(198, 22) = 8.5
    vntDefaultInputs(198, 23) = Empty
    vntDefaultInputs(198, 24) = Empty
    vntDefaultInputs(198, 25) = Empty
    vntDefaultInputs(198, 26) = 168
    vntDefaultInputs(198, 27) = ""POTW""
    vntDefaultInputs(198, 28) = ""Holding tank""
    vntDefaultInputs(198, 29) = ""eductors""
    vntDefaultInputs(198, 30) = ""non-hazardous""
    vntDefaultInputs(198, 31) = Empty
    vntDefaultInputs(198, 32) = 0
    vntDefaultInputs(198, 33) = Empty
    vntDefaultInputs(198, 34) = Empty
    vntDefaultInputs(198, 35) = ""fully automated""
    vntDefaultInputs(198, 36) = Empty
    vntDefaultInputs(198, 37) = Empty
    vntDefaultInputs(198, 38) = Empty
    vntDefaultInputs(198, 39) = Empty
    vntDefaultInputs(198, 40) = Empty
    vntDefaultInputs(198, 41) = Empty
    vntDefaultInputs(198, 42) = Empty
    vntDefaultInputs(198, 43) = Empty
    vntDefaultInputs(198, 44) = Empty
    vntDefaultInputs(198, 45) = Empty
    vntDefaultInputs(198, 46) = Empty
    vntDefaultInputs(199, 1) = 13
    vntDefaultInputs(199, 2) = 1
    vntDefaultInputs(199, 3) = 6
    vntDefaultInputs(199, 4) = 7.365
    vntDefaultInputs(199, 5) = ""MGD""
    vntDefaultInputs(199, 6) = 3.2
    vntDefaultInputs(199, 7) = ""MGD""
    vntDefaultInputs(199, 8) = ""regeneration off-site (non-hazardous)""
    vntDefaultInputs(199, 9) = ""carbon life value- bed volumes""
    vntDefaultInputs(199, 10) = 5560
    vntDefaultInputs(199, 11) = Empty
    vntDefaultInputs(199, 12) = Empty
    vntDefaultInputs(199, 13) = Empty
    vntDefaultInputs(199, 14) = ""EBCT""
    vntDefaultInputs(199, 15) = 7.5
    vntDefaultInputs(199, 16) = Empty
    vntDefaultInputs(199, 17) = Empty
    vntDefaultInputs(199, 18) = 1
    vntDefaultInputs(199, 19) = 6.2
    vntDefaultInputs(199, 20) = ""horizontal""
    vntDefaultInputs(199, 21) = 20
    vntDefaultInputs(199, 22) = 14
    vntDefaultInputs(199, 23) = Empty
    vntDefaultInputs(199, 24) = Empty
    vntDefaultInputs(199, 25) = Empty
    vntDefaultInputs(199, 26) = 168
    vntDefaultInputs(199, 27) = ""POTW""
    vntDefaultInputs(199, 28) = ""Holding tank""
    vntDefaultInputs(199, 29) = ""eductors""
    vntDefaultInputs(199, 30) = ""non-hazardous""
    vntDefaultInputs(199, 31) = Empty
    vntDefaultInputs(199, 32) = 0
    vntDefaultInputs(199, 33) = Empty
    vntDefaultInputs(199, 34) = Empty
    vntDefaultInputs(199, 35) = ""fully automated""
    vntDefaultInputs(199, 36) = Empty
    vntDefaultInputs(199, 37) = Empty
    vntDefaultInputs(199, 38) = Empty
    vntDefaultInputs(199, 39) = Empty
    vntDefaultInputs(199, 40) = Empty
    vntDefaultInputs(199, 41) = Empty
    vntDefaultInputs(199, 42) = Empty
    vntDefaultInputs(199, 43) = Empty
    vntDefaultInputs(199, 44) = Empty
    vntDefaultInputs(199, 45) = Empty
    vntDefaultInputs(199, 46) = Empty
    vntDefaultInputs(200, 1) = 13
    vntDefaultInputs(200, 2) = 1
    vntDefaultInputs(200, 3) = 7
    vntDefaultInputs(200, 4) = 22.614
    vntDefaultInputs(200, 5) = ""MGD""
    vntDefaultInputs(200, 6) = 11.066
    vntDefaultInputs(200, 7) = ""MGD""
    vntDefaultInputs(200, 8) = ""regeneration off-site (non-hazardous)""
    vntDefaultInputs(200, 9) = ""carbon life value- bed volumes""
    vntDefaultInputs(200, 10) = 5560
    vntDefaultInputs(200, 11) = Empty
    vntDefaultInputs(200, 12) = Empty
    vntDefaultInputs(200, 13) = Empty
    vntDefaultInputs(200, 14) = ""EBCT""
    vntDefaultInputs(200, 15) = 7.5
    vntDefaultInputs(200, 16) = Empty
    vntDefaultInputs(200, 17) = Empty
    vntDefaultInputs(200, 18) = 1
    vntDefaultInputs(200, 19) = 4.4
    vntDefaultInputs(200, 20) = ""horizontal""
    vntDefaultInputs(200, 21) = 20
    vntDefaultInputs(200, 22) = 14
    vntDefaultInputs(200, 23) = Empty
    vntDefaultInputs(200, 24) = Empty
    vntDefaultInputs(200, 25) = Empty
    vntDefaultInputs(200, 26) = 168
    vntDefaultInputs(200, 27) = ""POTW""
    vntDefaultInputs(200, 28) = ""Holding tank""
    vntDefaultInputs(200, 29) = ""eductors""
    vntDefaultInputs(200, 30) = ""non-hazardous""
    vntDefaultInputs(200, 31) = Empty
    vntDefaultInputs(200, 32) = 0
    vntDefaultInputs(200, 33) = Empty
    vntDefaultInputs(200, 34) = Empty
    vntDefaultInputs(200, 35) = ""fully automated""
    vntDefaultInputs(200, 36) = Empty
    vntDefaultInputs(200, 37) = Empty
    vntDefaultInputs(200, 38) = Empty
    vntDefaultInputs(200, 39) = Empty
    vntDefaultInputs(200, 40) = Empty
    vntDefaultInputs(200, 41) = Empty
    vntDefaultInputs(200, 42) = Empty
    vntDefaultInputs(200, 43) = Empty
    vntDefaultInputs(200, 44) = Empty
    vntDefaultInputs(200, 45) = Empty
    vntDefaultInputs(200, 46) = Empty
    vntDefaultInputs(201, 1) = 13
    vntDefaultInputs(201, 2) = 1
    vntDefaultInputs(201, 3) = 8
    vntDefaultInputs(201, 4) = 75.072
    vntDefaultInputs(201, 5) = ""MGD""
    vntDefaultInputs(201, 6) = 37.536
    vntDefaultInputs(201, 7) = ""MGD""
    vntDefaultInputs(201, 8) = ""regeneration off-site (non-hazardous)""
    vntDefaultInputs(201, 9) = ""carbon life value- bed volumes""
    vntDefaultInputs(201, 10) = 5560
    vntDefaultInputs(201, 11) = Empty
    vntDefaultInputs(201, 12) = Empty
    vntDefaultInputs(201, 13) = Empty
    vntDefaultInputs(201, 14) = ""EBCT""
    vntDefaultInputs(201, 15) = 7.5
    vntDefaultInputs(201, 16) = Empty
    vntDefaultInputs(201, 17) = Empty
    vntDefaultInputs(201, 18) = 1
    vntDefaultInputs(201, 19) = 6.5
    vntDefaultInputs(201, 20) = ""horizontal""
    vntDefaultInputs(201, 21) = 20
    vntDefaultInputs(201, 22) = 14
    vntDefaultInputs(201, 23) = Empty
    vntDefaultInputs(201, 24) = Empty
    vntDefaultInputs(201, 25) = Empty
    vntDefaultInputs(201, 26) = 168
    vntDefaultInputs(201, 27) = ""POTW""
    vntDefaultInputs(201, 28) = ""Holding tank""
    vntDefaultInputs(201, 29) = ""eductors""
    vntDefaultInputs(201, 30) = ""non-hazardous""
    vntDefaultInputs(201, 31) = Empty
    vntDefaultInputs(201, 32) = 0
    vntDefaultInputs(201, 33) = Empty
    vntDefaultInputs(201, 34) = Empty
    vntDefaultInputs(201, 35) = ""fully automated""
    vntDefaultInputs(201, 36) = Empty
    vntDefaultInputs(201, 37) = Empty
    vntDefaultInputs(201, 38) = Empty
    vntDefaultInputs(201, 39) = Empty
    vntDefaultInputs(201, 40) = Empty
    vntDefaultInputs(201, 41) = Empty
    vntDefaultInputs(201, 42) = Empty
    vntDefaultInputs(201, 43) = Empty
    vntDefaultInputs(201, 44) = Empty
    vntDefaultInputs(201, 45) = Empty
    vntDefaultInputs(201, 46) = Empty
    vntDefaultInputs(202, 1) = 13
    vntDefaultInputs(202, 2) = 2
    vntDefaultInputs(202, 3) = 1
    vntDefaultInputs(202, 4) = 0.03
    vntDefaultInputs(202, 5) = ""MGD""
    vntDefaultInputs(202, 6) = 0.007
    vntDefaultInputs(202, 7) = ""MGD""
    vntDefaultInputs(202, 8) = ""regeneration off-site (non-hazardous)""
    vntDefaultInputs(202, 9) = ""carbon life value- bed volumes""
    vntDefaultInputs(202, 10) = 5560
    vntDefaultInputs(202, 11) = Empty
    vntDefaultInputs(202, 12) = Empty
    vntDefaultInputs(202, 13) = Empty
    vntDefaultInputs(202, 14) = ""EBCT""
    vntDefaultInputs(202, 15) = 7.5
    vntDefaultInputs(202, 16) = Empty
    vntDefaultInputs(202, 17) = Empty
    vntDefaultInputs(202, 18) = Empty
    vntDefaultInputs(202, 19) = Empty
    vntDefaultInputs(202, 20) = Empty
    vntDefaultInputs(202, 21) = Empty
    vntDefaultInputs(202, 22) = Empty
    vntDefaultInputs(202, 23) = 6
    vntDefaultInputs(202, 24) = 6
    vntDefaultInputs(202, 25) = 3
    vntDefaultInputs(202, 26) = 168
    vntDefaultInputs(202, 27) = ""POTW""
    vntDefaultInputs(202, 28) = ""holding tank""
    vntDefaultInputs(202, 29) = ""manual transfer""
    vntDefaultInputs(202, 30) = ""non-hazardous""
    vntDefaultInputs(202, 31) = Empty
    vntDefaultInputs(202, 32) = 0
    vntDefaultInputs(202, 33) = Empty
    vntDefaultInputs(202, 34) = Empty
    vntDefaultInputs(202, 35) = ""fully automated""
    vntDefaultInputs(202, 36) = Empty
    vntDefaultInputs(202, 37) = Empty
    vntDefaultInputs(202, 38) = Empty
    vntDefaultInputs(202, 39) = Empty
    vntDefaultInputs(202, 40) = Empty
    vntDefaultInputs(202, 41) = Empty
    vntDefaultInputs(202, 42) = Empty
    vntDefaultInputs(202, 43) = Empty
    vntDefaultInputs(202, 44) = Empty
    vntDefaultInputs(202, 45) = Empty
    vntDefaultInputs(202, 46) = Empty
    vntDefaultInputs(203, 1) = 13
    vntDefaultInputs(203, 2) = 2
    vntDefaultInputs(203, 3) = 2
    vntDefaultInputs(203, 4) = 0.124
    vntDefaultInputs(203, 5) = ""MGD""
    vntDefaultInputs(203, 6) = 0.035
    vntDefaultInputs(203, 7) = ""MGD""
    vntDefaultInputs(203, 8) = ""regeneration off-site (non-hazardous)""
    vntDefaultInputs(203, 9) = ""carbon life value- bed volumes""
    vntDefaultInputs(203, 10) = 5560
    vntDefaultInputs(203, 11) = Empty
    vntDefaultInputs(203, 12) = Empty
    vntDefaultInputs(203, 13) = Empty
    vntDefaultInputs(203, 14) = ""EBCT""
    vntDefaultInputs(203, 15) = 7.5
    vntDefaultInputs(203, 16) = Empty
    vntDefaultInputs(203, 17) = Empty
    vntDefaultInputs(203, 18) = Empty
    vntDefaultInputs(203, 19) = Empty
    vntDefaultInputs(203, 20) = Empty
    vntDefaultInputs(203, 21) = Empty
    vntDefaultInputs(203, 22) = Empty
    vntDefaultInputs(203, 23) = 6
    vntDefaultInputs(203, 24) = 6
    vntDefaultInputs(203, 25) = 3
    vntDefaultInputs(203, 26) = 168
    vntDefaultInputs(203, 27) = ""POTW""
    vntDefaultInputs(203, 28) = ""holding tank""
    vntDefaultInputs(203, 29) = ""manual transfer""
    vntDefaultInputs(203, 30) = ""non-hazardous""
    vntDefaultInputs(203, 31) = Empty
    vntDefaultInputs(203, 32) = 0
    vntDefaultInputs(203, 33) = Empty
    vntDefaultInputs(203, 34) = Empty
    vntDefaultInputs(203, 35) = ""fully automated""
    vntDefaultInputs(203, 36) = Empty
    vntDefaultInputs(203, 37) = Empty
    vntDefaultInputs(203, 38) = Empty
    vntDefaultInputs(203, 39) = Empty
    vntDefaultInputs(203, 40) = Empty
    vntDefaultInputs(203, 41) = Empty
    vntDefaultInputs(203, 42) = Empty
    vntDefaultInputs(203, 43) = Empty
    vntDefaultInputs(203, 44) = Empty
    vntDefaultInputs(203, 45) = Empty
    vntDefaultInputs(203, 46) = Empty
    vntDefaultInputs(204, 1) = 13
    vntDefaultInputs(204, 2) = 2
    vntDefaultInputs(204, 3) = 3
    vntDefaultInputs(204, 4) = 0.305
    vntDefaultInputs(204, 5) = ""MGD""
    vntDefaultInputs(204, 6) = 0.094
    vntDefaultInputs(204, 7) = ""MGD""
    vntDefaultInputs(204, 8) = ""regeneration off-site (non-hazardous)""
    vntDefaultInputs(204, 9) = ""carbon life value- bed volumes""
    vntDefaultInputs(204, 10) = 5560
    vntDefaultInputs(204, 11) = Empty
    vntDefaultInputs(204, 12) = Empty
    vntDefaultInputs(204, 13) = Empty
    vntDefaultInputs(204, 14) = ""EBCT""
    vntDefaultInputs(204, 15) = 7.5
    vntDefaultInputs(204, 16) = Empty
    vntDefaultInputs(204, 17) = Empty
    vntDefaultInputs(204, 18) = Empty
    vntDefaultInputs(204, 19) = Empty
    vntDefaultInputs(204, 20) = Empty
    vntDefaultInputs(204, 21) = Empty
    vntDefaultInputs(204, 22) = Empty
    vntDefaultInputs(204, 23) = 6
    vntDefaultInputs(204, 24) = 6
    vntDefaultInputs(204, 25) = 3
    vntDefaultInputs(204, 26) = 168
    vntDefaultInputs(204, 27) = ""POTW""
    vntDefaultInputs(204, 28) = ""holding tank""
    vntDefaultInputs(204, 29) = ""manual transfer""
    vntDefaultInputs(204, 30) = ""non-hazardous""
    vntDefaultInputs(204, 31) = Empty
    vntDefaultInputs(204, 32) = 0
    vntDefaultInputs(204, 33) = Empty
    vntDefaultInputs(204, 34) = Empty
    vntDefaultInputs(204, 35) = ""fully automated""
    vntDefaultInputs(204, 36) = Empty
    vntDefaultInputs(204, 37) = Empty
    vntDefaultInputs(204, 38) = Empty
    vntDefaultInputs(204, 39) = Empty
    vntDefaultInputs(204, 40) = Empty
    vntDefaultInputs(204, 41) = Empty
    vntDefaultInputs(204, 42) = Empty
    vntDefaultInputs(204, 43) = Empty
    vntDefaultInputs(204, 44) = Empty
    vntDefaultInputs(204, 45) = Empty
    vntDefaultInputs(204, 46) = Empty
    vntDefaultInputs(205, 1) = 13
    vntDefaultInputs(205, 2) = 2
    vntDefaultInputs(205, 3) = 4
    vntDefaultInputs(205, 4) = 0.74
    vntDefaultInputs(205, 5) = ""MGD""
    vntDefaultInputs(205, 6) = 0.251
    vntDefaultInputs(205, 7) = ""MGD""
    vntDefaultInputs(205, 8) = ""regeneration off-site (non-hazardous)""
    vntDefaultInputs(205, 9) = ""carbon life value- bed volumes""
    vntDefaultInputs(205, 10) = 5560
    vntDefaultInputs(205, 11) = Empty
    vntDefaultInputs(205, 12) = Empty
    vntDefaultInputs(205, 13) = Empty
    vntDefaultInputs(205, 14) = ""EBCT""
    vntDefaultInputs(205, 15) = 7.5
    vntDefaultInputs(205, 16) = Empty
    vntDefaultInputs(205, 17) = Empty
    vntDefaultInputs(205, 18) = Empty
    vntDefaultInputs(205, 19) = Empty
    vntDefaultInputs(205, 20) = Empty
    vntDefaultInputs(205, 21) = Empty
    vntDefaultInputs(205, 22) = Empty
    vntDefaultInputs(205, 23) = 7
    vntDefaultInputs(205, 24) = 7
    vntDefaultInputs(205, 25) = 5.3
    vntDefaultInputs(205, 26) = 168
    vntDefaultInputs(205, 27) = ""POTW""
    vntDefaultInputs(205, 28) = ""holding tank""
    vntDefaultInputs(205, 29) = ""manual transfer""
    vntDefaultInputs(205, 30) = ""non-hazardous""
    vntDefaultInputs(205, 31) = Empty
    vntDefaultInputs(205, 32) = 0
    vntDefaultInputs(205, 33) = Empty
    vntDefaultInputs(205, 34) = Empty
    vntDefaultInputs(205, 35) = ""fully automated""
    vntDefaultInputs(205, 36) = Empty
    vntDefaultInputs(205, 37) = Empty
    vntDefaultInputs(205, 38) = Empty
    vntDefaultInputs(205, 39) = Empty
    vntDefaultInputs(205, 40) = Empty
    vntDefaultInputs(205, 41) = Empty
    vntDefaultInputs(205, 42) = Empty
    vntDefaultInputs(205, 43) = Empty
    vntDefaultInputs(205, 44) = Empty
    vntDefaultInputs(205, 45) = Empty
    vntDefaultInputs(205, 46) = Empty
    vntDefaultInputs(206, 1) = 13
    vntDefaultInputs(206, 2) = 2
    vntDefaultInputs(206, 3) = 5
    vntDefaultInputs(206, 4) = 2.152
    vntDefaultInputs(206, 5) = ""MGD""
    vntDefaultInputs(206, 6) = 0.819
    vntDefaultInputs(206, 7) = ""MGD""
    vntDefaultInputs(206, 8) = ""regeneration off-site (non-hazardous)""
    vntDefaultInputs(206, 9) = ""carbon life value- bed volumes""
    vntDefaultInputs(206, 10) = 5560
    vntDefaultInputs(206, 11) = Empty
    vntDefaultInputs(206, 12) = Empty
    vntDefaultInputs(206, 13) = Empty
    vntDefaultInputs(206, 14) = ""EBCT""
    vntDefaultInputs(206, 15) = 7.5
    vntDefaultInputs(206, 16) = Empty
    vntDefaultInputs(206, 17) = Empty
    vntDefaultInputs(206, 18) = Empty
    vntDefaultInputs(206, 19) = Empty
    vntDefaultInputs(206, 20) = Empty
    vntDefaultInputs(206, 21) = Empty
    vntDefaultInputs(206, 22) = Empty
    vntDefaultInputs(206, 23) = 8
    vntDefaultInputs(206, 24) = 8
    vntDefaultInputs(206, 25) = 7.9
    vntDefaultInputs(206, 26) = 168
    vntDefaultInputs(206, 27) = ""POTW""
    vntDefaultInputs(206, 28) = ""holding tank""
    vntDefaultInputs(206, 29) = ""eductors""
    vntDefaultInputs(206, 30) = ""non-hazardous""
    vntDefaultInputs(206, 31) = Empty
    vntDefaultInputs(206, 32) = 0
    vntDefaultInputs(206, 33) = Empty
    vntDefaultInputs(206, 34) = Empty
    vntDefaultInputs(206, 35) = ""fully automated""
    vntDefaultInputs(206, 36) = Empty
    vntDefaultInputs(206, 37) = Empty
    vntDefaultInputs(206, 38) = Empty
    vntDefaultInputs(206, 39) = Empty
    vntDefaultInputs(206, 40) = Empty
    vntDefaultInputs(206, 41) = Empty
    vntDefaultInputs(206, 42) = Empty
    vntDefaultInputs(206, 43) = Empty
    vntDefaultInputs(206, 44) = Empty
    vntDefaultInputs(206, 45) = Empty
    vntDefaultInputs(206, 46) = Empty
    vntDefaultInputs(207, 1) = 13
    vntDefaultInputs(207, 2) = 2
    vntDefaultInputs(207, 3) = 6
    vntDefaultInputs(207, 4) = 7.365
    vntDefaultInputs(207, 5) = ""MGD""
    vntDefaultInputs(207, 6) = 3.2
    vntDefaultInputs(207, 7) = ""MGD""
    vntDefaultInputs(207, 8) = ""regeneration off-site (non-hazardous)""
    vntDefaultInputs(207, 9) = ""carbon life value- bed volumes""
    vntDefaultInputs(207, 10) = 5560
    vntDefaultInputs(207, 11) = Empty
    vntDefaultInputs(207, 12) = Empty
    vntDefaultInputs(207, 13) = Empty
    vntDefaultInputs(207, 14) = ""EBCT""
    vntDefaultInputs(207, 15) = 7.5
    vntDefaultInputs(207, 16) = Empty
    vntDefaultInputs(207, 17) = Empty
    vntDefaultInputs(207, 18) = Empty
    vntDefaultInputs(207, 19) = Empty
    vntDefaultInputs(207, 20) = Empty
    vntDefaultInputs(207, 21) = Empty
    vntDefaultInputs(207, 22) = Empty
    vntDefaultInputs(207, 23) = 11.5
    vntDefaultInputs(207, 24) = 11.5
    vntDefaultInputs(207, 25) = 7.8
    vntDefaultInputs(207, 26) = 168
    vntDefaultInputs(207, 27) = ""POTW""
    vntDefaultInputs(207, 28) = ""holding tank""
    vntDefaultInputs(207, 29) = ""eductors""
    vntDefaultInputs(207, 30) = ""non-hazardous""
    vntDefaultInputs(207, 31) = Empty
    vntDefaultInputs(207, 32) = 0
    vntDefaultInputs(207, 33) = Empty
    vntDefaultInputs(207, 34) = Empty
    vntDefaultInputs(207, 35) = ""fully automated""
    vntDefaultInputs(207, 36) = Empty
    vntDefaultInputs(207, 37) = Empty
    vntDefaultInputs(207, 38) = Empty
    vntDefaultInputs(207, 39) = Empty
    vntDefaultInputs(207, 40) = Empty
    vntDefaultInputs(207, 41) = Empty
    vntDefaultInputs(207, 42) = Empty
    vntDefaultInputs(207, 43) = Empty
    vntDefaultInputs(207, 44) = Empty
    vntDefaultInputs(207, 45) = Empty
    vntDefaultInputs(207, 46) = Empty
    vntDefaultInputs(208, 1) = 13
    vntDefaultInputs(208, 2) = 2
    vntDefaultInputs(208, 3) = 7
    vntDefaultInputs(208, 4) = 22.614
    vntDefaultInputs(208, 5) = ""MGD""
    vntDefaultInputs(208, 6) = 11.066
    vntDefaultInputs(208, 7) = ""MGD""
    vntDefaultInputs(208, 8) = ""regeneration off-site (non-hazardous)""
    vntDefaultInputs(208, 9) = ""carbon life value- bed volumes""
    vntDefaultInputs(208, 10) = 5560
    vntDefaultInputs(208, 11) = Empty
    vntDefaultInputs(208, 12) = Empty
    vntDefaultInputs(208, 13) = Empty
    vntDefaultInputs(208, 14) = ""EBCT""
    vntDefaultInputs(208, 15) = 7.5
    vntDefaultInputs(208, 16) = Empty
    vntDefaultInputs(208, 17) = Empty
    vntDefaultInputs(208, 18) = Empty
    vntDefaultInputs(208, 19) = Empty
    vntDefaultInputs(208, 20) = Empty
    vntDefaultInputs(208, 21) = Empty
    vntDefaultInputs(208, 22) = Empty
    vntDefaultInputs(208, 23) = 15
    vntDefaultInputs(208, 24) = 15
    vntDefaultInputs(208, 25) = 7.8
    vntDefaultInputs(208, 26) = 168
    vntDefaultInputs(208, 27) = ""POTW""
    vntDefaultInputs(208, 28) = ""holding tank""
    vntDefaultInputs(208, 29) = ""eductors""
    vntDefaultInputs(208, 30) = ""non-hazardous""
    vntDefaultInputs(208, 31) = Empty
    vntDefaultInputs(208, 32) = 0
    vntDefaultInputs(208, 33) = Empty
    vntDefaultInputs(208, 34) = Empty
    vntDefaultInputs(208, 35) = ""fully automated""
    vntDefaultInputs(208, 36) = Empty
    vntDefaultInputs(208, 37) = Empty
    vntDefaultInputs(208, 38) = Empty
    vntDefaultInputs(208, 39) = Empty
    vntDefaultInputs(208, 40) = Empty
    vntDefaultInputs(208, 41) = Empty
    vntDefaultInputs(208, 42) = Empty
    vntDefaultInputs(208, 43) = Empty
    vntDefaultInputs(208, 44) = Empty
    vntDefaultInputs(208, 45) = Empty
    vntDefaultInputs(208, 46) = Empty
    vntDefaultInputs(209, 1) = 13
    vntDefaultInputs(209, 2) = 2
    vntDefaultInputs(209, 3) = 8
    vntDefaultInputs(209, 4) = 75.072
    vntDefaultInputs(209, 5) = ""MGD""
    vntDefaultInputs(209, 6) = 37.536
    vntDefaultInputs(209, 7) = ""MGD""
    vntDefaultInputs(209, 8) = ""regeneration off-site (non-hazardous)""
    vntDefaultInputs(209, 9) = ""carbon life value- bed volumes""
    vntDefaultInputs(209, 10) = 5560
    vntDefaultInputs(209, 11) = Empty
    vntDefaultInputs(209, 12) = Empty
    vntDefaultInputs(209, 13) = Empty
    vntDefaultInputs(209, 14) = ""EBCT""
    vntDefaultInputs(209, 15) = 7.5
    vntDefaultInputs(209, 16) = Empty
    vntDefaultInputs(209, 17) = Empty
    vntDefaultInputs(209, 18) = Empty
    vntDefaultInputs(209, 19) = Empty
    vntDefaultInputs(209, 20) = Empty
    vntDefaultInputs(209, 21) = Empty
    vntDefaultInputs(209, 22) = Empty
    vntDefaultInputs(209, 23) = 30
    vntDefaultInputs(209, 24) = 30
    vntDefaultInputs(209, 25) = 9.7
    vntDefaultInputs(209, 26) = 168
    vntDefaultInputs(209, 27) = ""POTW""
    vntDefaultInputs(209, 28) = ""holding tank""
    vntDefaultInputs(209, 29) = ""eductors""
    vntDefaultInputs(209, 30) = ""non-hazardous""
    vntDefaultInputs(209, 31) = Empty
    vntDefaultInputs(209, 32) = 0
    vntDefaultInputs(209, 33) = Empty
    vntDefaultInputs(209, 34) = Empty
    vntDefaultInputs(209, 35) = ""fully automated""
    vntDefaultInputs(209, 36) = Empty
    vntDefaultInputs(209, 37) = Empty
    vntDefaultInputs(209, 38) = Empty
    vntDefaultInputs(209, 39) = Empty
    vntDefaultInputs(209, 40) = Empty
    vntDefaultInputs(209, 41) = Empty
    vntDefaultInputs(209, 42) = Empty
    vntDefaultInputs(209, 43) = Empty
    vntDefaultInputs(209, 44) = Empty
    vntDefaultInputs(209, 45) = Empty
    vntDefaultInputs(209, 46) = Empty
    vntDefaultInputs(210, 1) = 14
    vntDefaultInputs(210, 2) = 1
    vntDefaultInputs(210, 3) = 1
    vntDefaultInputs(210, 4) = 0.03
    vntDefaultInputs(210, 5) = ""MGD""
    vntDefaultInputs(210, 6) = 0.007
    vntDefaultInputs(210, 7) = ""MGD""
    vntDefaultInputs(210, 8) = ""regeneration off-site (non-hazardous)""
    vntDefaultInputs(210, 9) = ""carbon life value- bed volumes""
    vntDefaultInputs(210, 10) = 20500
    vntDefaultInputs(210, 11) = Empty
    vntDefaultInputs(210, 12) = Empty
    vntDefaultInputs(210, 13) = Empty
    vntDefaultInputs(210, 14) = ""EBCT""
    vntDefaultInputs(210, 15) = 7.5
    vntDefaultInputs(210, 16) = Empty
    vntDefaultInputs(210, 17) = Empty
    vntDefaultInputs(210, 18) = 1
    vntDefaultInputs(210, 19) = 3.4
    vntDefaultInputs(210, 20) = ""upright""
    vntDefaultInputs(210, 21) = 6
    vntDefaultInputs(210, 22) = 2
    vntDefaultInputs(210, 23) = Empty
    vntDefaultInputs(210, 24) = Empty
    vntDefaultInputs(210, 25) = Empty
    vntDefaultInputs(210, 26) = 168
    vntDefaultInputs(210, 27) = ""POTW""
    vntDefaultInputs(210, 28) = ""no holding tank""
    vntDefaultInputs(210, 29) = ""manual transfer""
    vntDefaultInputs(210, 30) = Empty
    vntDefaultInputs(210, 31) = Empty
    vntDefaultInputs(210, 32) = 0
    vntDefaultInputs(210, 33) = Empty
    vntDefaultInputs(210, 34) = Empty
    vntDefaultInputs(210, 35) = ""fully automated""
    vntDefaultInputs(210, 36) = Empty
    vntDefaultInputs(210, 37) = Empty
    vntDefaultInputs(210, 38) = Empty
    vntDefaultInputs(210, 39) = Empty
    vntDefaultInputs(210, 40) = Empty
    vntDefaultInputs(210, 41) = Empty
    vntDefaultInputs(210, 42) = Empty
    vntDefaultInputs(210, 43) = Empty
    vntDefaultInputs(210, 44) = Empty
    vntDefaultInputs(210, 45) = Empty
    vntDefaultInputs(210, 46) = Empty
    vntDefaultInputs(211, 1) = 14
    vntDefaultInputs(211, 2) = 1
    vntDefaultInputs(211, 3) = 2
    vntDefaultInputs(211, 4) = 0.124
    vntDefaultInputs(211, 5) = ""MGD""
    vntDefaultInputs(211, 6) = 0.035
    vntDefaultInputs(211, 7) = ""MGD""
    vntDefaultInputs(211, 8) = ""regeneration off-site (non-hazardous)""
    vntDefaultInputs(211, 9) = ""carbon life value- bed volumes""
    vntDefaultInputs(211, 10) = 20500
    vntDefaultInputs(211, 11) = Empty
    vntDefaultInputs(211, 12) = Empty
    vntDefaultInputs(211, 13) = Empty
    vntDefaultInputs(211, 14) = ""EBCT""
    vntDefaultInputs(211, 15) = 7.5
    vntDefaultInputs(211, 16) = Empty
    vntDefaultInputs(211, 17) = Empty
    vntDefaultInputs(211, 18) = 1
    vntDefaultInputs(211, 19) = 6.9
    vntDefaultInputs(211, 20) = ""upright""
    vntDefaultInputs(211, 21) = 11
    vntDefaultInputs(211, 22) = 4
    vntDefaultInputs(211, 23) = Empty
    vntDefaultInputs(211, 24) = Empty
    vntDefaultInputs(211, 25) = Empty
    vntDefaultInputs(211, 26) = 168
    vntDefaultInputs(211, 27) = ""POTW""
    vntDefaultInputs(211, 28) = ""Holding tank""
    vntDefaultInputs(211, 29) = ""manual transfer""
    vntDefaultInputs(211, 30) = ""non-hazardous""
    vntDefaultInputs(211, 31) = Empty
    vntDefaultInputs(211, 32) = 0
    vntDefaultInputs(211, 33) = Empty
    vntDefaultInputs(211, 34) = Empty
    vntDefaultInputs(211, 35) = ""fully automated""
    vntDefaultInputs(211, 36) = Empty
    vntDefaultInputs(211, 37) = Empty
    vntDefaultInputs(211, 38) = Empty
    vntDefaultInputs(211, 39) = Empty
    vntDefaultInputs(211, 40) = Empty
    vntDefaultInputs(211, 41) = Empty
    vntDefaultInputs(211, 42) = Empty
    vntDefaultInputs(211, 43) = Empty
    vntDefaultInputs(211, 44) = Empty
    vntDefaultInputs(211, 45) = Empty
    vntDefaultInputs(211, 46) = Empty
    vntDefaultInputs(212, 1) = 14
    vntDefaultInputs(212, 2) = 1
    vntDefaultInputs(212, 3) = 3
    vntDefaultInputs(212, 4) = 0.305
    vntDefaultInputs(212, 5) = ""MGD""
    vntDefaultInputs(212, 6) = 0.094
    vntDefaultInputs(212, 7) = ""MGD""
    vntDefaultInputs(212, 8) = ""regeneration off-site (non-hazardous)""
    vntDefaultInputs(212, 9) = ""carbon life value- bed volumes""
    vntDefaultInputs(212, 10) = 20500
    vntDefaultInputs(212, 11) = Empty
    vntDefaultInputs(212, 12) = Empty
    vntDefaultInputs(212, 13) = Empty
    vntDefaultInputs(212, 14) = ""EBCT""
    vntDefaultInputs(212, 15) = 7.5
    vntDefaultInputs(212, 16) = Empty
    vntDefaultInputs(212, 17) = Empty
    vntDefaultInputs(212, 18) = 1
    vntDefaultInputs(212, 19) = 6.7
    vntDefaultInputs(212, 20) = ""upright""
    vntDefaultInputs(212, 21) = 11
    vntDefaultInputs(212, 22) = 4.5
    vntDefaultInputs(212, 23) = Empty
    vntDefaultInputs(212, 24) = Empty
    vntDefaultInputs(212, 25) = Empty
    vntDefaultInputs(212, 26) = 168
    vntDefaultInputs(212, 27) = ""POTW""
    vntDefaultInputs(212, 28) = ""Holding tank""
    vntDefaultInputs(212, 29) = ""manual transfer""
    vntDefaultInputs(212, 30) = ""non-hazardous""
    vntDefaultInputs(212, 31) = Empty
    vntDefaultInputs(212, 32) = 0
    vntDefaultInputs(212, 33) = Empty
    vntDefaultInputs(212, 34) = Empty
    vntDefaultInputs(212, 35) = ""fully automated""
    vntDefaultInputs(212, 36) = Empty
    vntDefaultInputs(212, 37) = Empty
    vntDefaultInputs(212, 38) = Empty
    vntDefaultInputs(212, 39) = Empty
    vntDefaultInputs(212, 40) = Empty
    vntDefaultInputs(212, 41) = Empty
    vntDefaultInputs(212, 42) = Empty
    vntDefaultInputs(212, 43) = Empty
    vntDefaultInputs(212, 44) = Empty
    vntDefaultInputs(212, 45) = Empty
    vntDefaultInputs(212, 46) = Empty
    vntDefaultInputs(213, 1) = 14
    vntDefaultInputs(213, 2) = 1
    vntDefaultInputs(213, 3) = 4
    vntDefaultInputs(213, 4) = 0.74
    vntDefaultInputs(213, 5) = ""MGD""
    vntDefaultInputs(213, 6) = 0.251
    vntDefaultInputs(213, 7) = ""MGD""
    vntDefaultInputs(213, 8) = ""regeneration off-site (non-hazardous)""
    vntDefaultInputs(213, 9) = ""carbon life value- bed volumes""
    vntDefaultInputs(213, 10) = 20500
    vntDefaultInputs(213, 11) = Empty
    vntDefaultInputs(213, 12) = Empty
    vntDefaultInputs(213, 13) = Empty
    vntDefaultInputs(213, 14) = ""EBCT""
    vntDefaultInputs(213, 15) = 7.5
    vntDefaultInputs(213, 16) = Empty
    vntDefaultInputs(213, 17) = Empty
    vntDefaultInputs(213, 18) = 1
    vntDefaultInputs(213, 19) = 6.7
    vntDefaultInputs(213, 20) = ""upright""
    vntDefaultInputs(213, 21) = 11
    vntDefaultInputs(213, 22) = 7
    vntDefaultInputs(213, 23) = Empty
    vntDefaultInputs(213, 24) = Empty
    vntDefaultInputs(213, 25) = Empty
    vntDefaultInputs(213, 26) = 168
    vntDefaultInputs(213, 27) = ""POTW""
    vntDefaultInputs(213, 28) = ""Holding tank""
    vntDefaultInputs(213, 29) = ""manual transfer""
    vntDefaultInputs(213, 30) = ""non-hazardous""
    vntDefaultInputs(213, 31) = Empty
    vntDefaultInputs(213, 32) = 0
    vntDefaultInputs(213, 33) = Empty
    vntDefaultInputs(213, 34) = Empty
    vntDefaultInputs(213, 35) = ""fully automated""
    vntDefaultInputs(213, 36) = Empty
    vntDefaultInputs(213, 37) = Empty
    vntDefaultInputs(213, 38) = Empty
    vntDefaultInputs(213, 39) = Empty
    vntDefaultInputs(213, 40) = Empty
    vntDefaultInputs(213, 41) = Empty
    vntDefaultInputs(213, 42) = Empty
    vntDefaultInputs(213, 43) = Empty
    vntDefaultInputs(213, 44) = Empty
    vntDefaultInputs(213, 45) = Empty
    vntDefaultInputs(213, 46) = Empty
    vntDefaultInputs(214, 1) = 14
    vntDefaultInputs(214, 2) = 1
    vntDefaultInputs(214, 3) = 5
    vntDefaultInputs(214, 4) = 2.152
    vntDefaultInputs(214, 5) = ""MGD""
    vntDefaultInputs(214, 6) = 0.819
    vntDefaultInputs(214, 7) = ""MGD""
    vntDefaultInputs(214, 8) = ""regeneration off-site (non-hazardous)""
    vntDefaultInputs(214, 9) = ""carbon life value- bed volumes""
    vntDefaultInputs(214, 10) = 20500
    vntDefaultInputs(214, 11) = Empty
    vntDefaultInputs(214, 12) = Empty
    vntDefaultInputs(214, 13) = Empty
    vntDefaultInputs(214, 14) = ""EBCT""
    vntDefaultInputs(214, 15) = 7.5
    vntDefaultInputs(214, 16) = Empty
    vntDefaultInputs(214, 17) = Empty
    vntDefaultInputs(214, 18) = 1
    vntDefaultInputs(214, 19) = 6.7
    vntDefaultInputs(214, 20) = ""upright""
    vntDefaultInputs(214, 21) = 11
    vntDefaultInputs(214, 22) = 8.5
    vntDefaultInputs(214, 23) = Empty
    vntDefaultInputs(214, 24) = Empty
    vntDefaultInputs(214, 25) = Empty
    vntDefaultInputs(214, 26) = 168
    vntDefaultInputs(214, 27) = ""POTW""
    vntDefaultInputs(214, 28) = ""Holding tank""
    vntDefaultInputs(214, 29) = ""manual transfer""
    vntDefaultInputs(214, 30) = ""non-hazardous""
    vntDefaultInputs(214, 31) = Empty
    vntDefaultInputs(214, 32) = 0
    vntDefaultInputs(214, 33) = Empty
    vntDefaultInputs(214, 34) = Empty
    vntDefaultInputs(214, 35) = ""fully automated""
    vntDefaultInputs(214, 36) = Empty
    vntDefaultInputs(214, 37) = Empty
    vntDefaultInputs(214, 38) = Empty
    vntDefaultInputs(214, 39) = Empty
    vntDefaultInputs(214, 40) = Empty
    vntDefaultInputs(214, 41) = Empty
    vntDefaultInputs(214, 42) = Empty
    vntDefaultInputs(214, 43) = Empty
    vntDefaultInputs(214, 44) = Empty
    vntDefaultInputs(214, 45) = Empty
    vntDefaultInputs(214, 46) = Empty
    vntDefaultInputs(215, 1) = 14
    vntDefaultInputs(215, 2) = 1
    vntDefaultInputs(215, 3) = 6
    vntDefaultInputs(215, 4) = 7.365
    vntDefaultInputs(215, 5) = ""MGD""
    vntDefaultInputs(215, 6) = 3.2
    vntDefaultInputs(215, 7) = ""MGD""
    vntDefaultInputs(215, 8) = ""regeneration off-site (non-hazardous)""
    vntDefaultInputs(215, 9) = ""carbon life value- bed volumes""
    vntDefaultInputs(215, 10) = 20500
    vntDefaultInputs(215, 11) = Empty
    vntDefaultInputs(215, 12) = Empty
    vntDefaultInputs(215, 13) = Empty
    vntDefaultInputs(215, 14) = ""EBCT""
    vntDefaultInputs(215, 15) = 7.5
    vntDefaultInputs(215, 16) = Empty
    vntDefaultInputs(215, 17) = Empty
    vntDefaultInputs(215, 18) = 1
    vntDefaultInputs(215, 19) = 6.2
    vntDefaultInputs(215, 20) = ""horizontal""
    vntDefaultInputs(215, 21) = 20
    vntDefaultInputs(215, 22) = 14
    vntDefaultInputs(215, 23) = Empty
    vntDefaultInputs(215, 24) = Empty
    vntDefaultInputs(215, 25) = Empty
    vntDefaultInputs(215, 26) = 168
    vntDefaultInputs(215, 27) = ""POTW""
    vntDefaultInputs(215, 28) = ""Holding tank""
    vntDefaultInputs(215, 29) = ""eductors""
    vntDefaultInputs(215, 30) = ""non-hazardous""
    vntDefaultInputs(215, 31) = Empty
    vntDefaultInputs(215, 32) = 0
    vntDefaultInputs(215, 33) = Empty
    vntDefaultInputs(215, 34) = Empty
    vntDefaultInputs(215, 35) = ""fully automated""
    vntDefaultInputs(215, 36) = Empty
    vntDefaultInputs(215, 37) = Empty
    vntDefaultInputs(215, 38) = Empty
    vntDefaultInputs(215, 39) = Empty
    vntDefaultInputs(215, 40) = Empty
    vntDefaultInputs(215, 41) = Empty
    vntDefaultInputs(215, 42) = Empty
    vntDefaultInputs(215, 43) = Empty
    vntDefaultInputs(215, 44) = Empty
    vntDefaultInputs(215, 45) = Empty
    vntDefaultInputs(215, 46) = Empty
    vntDefaultInputs(216, 1) = 14
    vntDefaultInputs(216, 2) = 1
    vntDefaultInputs(216, 3) = 7
    vntDefaultInputs(216, 4) = 22.614
    vntDefaultInputs(216, 5) = ""MGD""
    vntDefaultInputs(216, 6) = 11.066
    vntDefaultInputs(216, 7) = ""MGD""
    vntDefaultInputs(216, 8) = ""regeneration off-site (non-hazardous)""
    vntDefaultInputs(216, 9) = ""carbon life value- bed volumes""
    vntDefaultInputs(216, 10) = 20500
    vntDefaultInputs(216, 11) = Empty
    vntDefaultInputs(216, 12) = Empty
    vntDefaultInputs(216, 13) = Empty
    vntDefaultInputs(216, 14) = ""EBCT""
    vntDefaultInputs(216, 15) = 7.5
    vntDefaultInputs(216, 16) = Empty
    vntDefaultInputs(216, 17) = Empty
    vntDefaultInputs(216, 18) = 1
    vntDefaultInputs(216, 19) = 7.1
    vntDefaultInputs(216, 20) = ""horizontal""
    vntDefaultInputs(216, 21) = 20
    vntDefaultInputs(216, 22) = 14
    vntDefaultInputs(216, 23) = Empty
    vntDefaultInputs(216, 24) = Empty
    vntDefaultInputs(216, 25) = Empty
    vntDefaultInputs(216, 26) = 168
    vntDefaultInputs(216, 27) = ""POTW""
    vntDefaultInputs(216, 28) = ""Holding tank""
    vntDefaultInputs(216, 29) = ""eductors""
    vntDefaultInputs(216, 30) = ""non-hazardous""
    vntDefaultInputs(216, 31) = Empty
    vntDefaultInputs(216, 32) = 0
    vntDefaultInputs(216, 33) = Empty
    vntDefaultInputs(216, 34) = Empty
    vntDefaultInputs(216, 35) = ""fully automated""
    vntDefaultInputs(216, 36) = Empty
    vntDefaultInputs(216, 37) = Empty
    vntDefaultInputs(216, 38) = Empty
    vntDefaultInputs(216, 39) = Empty
    vntDefaultInputs(216, 40) = Empty
    vntDefaultInputs(216, 41) = Empty
    vntDefaultInputs(216, 42) = Empty
    vntDefaultInputs(216, 43) = Empty
    vntDefaultInputs(216, 44) = Empty
    vntDefaultInputs(216, 45) = Empty
    vntDefaultInputs(216, 46) = Empty
    vntDefaultInputs(217, 1) = 14
    vntDefaultInputs(217, 2) = 1
    vntDefaultInputs(217, 3) = 8
    vntDefaultInputs(217, 4) = 75.072
    vntDefaultInputs(217, 5) = ""MGD""
    vntDefaultInputs(217, 6) = 37.536
    vntDefaultInputs(217, 7) = ""MGD""
    vntDefaultInputs(217, 8) = ""regeneration off-site (non-hazardous)""
    vntDefaultInputs(217, 9) = ""carbon life value- bed volumes""
    vntDefaultInputs(217, 10) = 20500
    vntDefaultInputs(217, 11) = Empty
    vntDefaultInputs(217, 12) = Empty
    vntDefaultInputs(217, 13) = Empty
    vntDefaultInputs(217, 14) = ""EBCT""
    vntDefaultInputs(217, 15) = 7.5
    vntDefaultInputs(217, 16) = Empty
    vntDefaultInputs(217, 17) = Empty
    vntDefaultInputs(217, 18) = 1
    vntDefaultInputs(217, 19) = 7.2
    vntDefaultInputs(217, 20) = ""horizontal""
    vntDefaultInputs(217, 21) = 20
    vntDefaultInputs(217, 22) = 14
    vntDefaultInputs(217, 23) = Empty
    vntDefaultInputs(217, 24) = Empty
    vntDefaultInputs(217, 25) = Empty
    vntDefaultInputs(217, 26) = 168
    vntDefaultInputs(217, 27) = ""POTW""
    vntDefaultInputs(217, 28) = ""Holding tank""
    vntDefaultInputs(217, 29) = ""eductors""
    vntDefaultInputs(217, 30) = ""non-hazardous""
    vntDefaultInputs(217, 31) = Empty
    vntDefaultInputs(217, 32) = 0
    vntDefaultInputs(217, 33) = Empty
    vntDefaultInputs(217, 34) = Empty
    vntDefaultInputs(217, 35) = ""fully automated""
    vntDefaultInputs(217, 36) = Empty
    vntDefaultInputs(217, 37) = Empty
    vntDefaultInputs(217, 38) = Empty
    vntDefaultInputs(217, 39) = Empty
    vntDefaultInputs(217, 40) = Empty
    vntDefaultInputs(217, 41) = Empty
    vntDefaultInputs(217, 42) = Empty
    vntDefaultInputs(217, 43) = Empty
    vntDefaultInputs(217, 44) = Empty
    vntDefaultInputs(217, 45) = Empty
    vntDefaultInputs(217, 46) = Empty
    vntDefaultInputs(218, 1) = 14
    vntDefaultInputs(218, 2) = 2
    vntDefaultInputs(218, 3) = 1
    vntDefaultInputs(218, 4) = 0.03
    vntDefaultInputs(218, 5) = ""MGD""
    vntDefaultInputs(218, 6) = 0.007
    vntDefaultInputs(218, 7) = ""MGD""
    vntDefaultInputs(218, 8) = ""regeneration off-site (non-hazardous)""
    vntDefaultInputs(218, 9) = ""carbon life value- bed volumes""
    vntDefaultInputs(218, 10) = 20500
    vntDefaultInputs(218, 11) = Empty
    vntDefaultInputs(218, 12) = Empty
    vntDefaultInputs(218, 13) = Empty
    vntDefaultInputs(218, 14) = ""EBCT""
    vntDefaultInputs(218, 15) = 7.5
    vntDefaultInputs(218, 16) = Empty
    vntDefaultInputs(218, 17) = Empty
    vntDefaultInputs(218, 18) = Empty
    vntDefaultInputs(218, 19) = Empty
    vntDefaultInputs(218, 20) = Empty
    vntDefaultInputs(218, 21) = Empty
    vntDefaultInputs(218, 22) = Empty
    vntDefaultInputs(218, 23) = 6
    vntDefaultInputs(218, 24) = 6
    vntDefaultInputs(218, 25) = 3
    vntDefaultInputs(218, 26) = 168
    vntDefaultInputs(218, 27) = ""POTW""
    vntDefaultInputs(218, 28) = ""holding tank""
    vntDefaultInputs(218, 29) = ""manual transfer""
    vntDefaultInputs(218, 30) = ""non-hazardous""
    vntDefaultInputs(218, 31) = Empty
    vntDefaultInputs(218, 32) = 0
    vntDefaultInputs(218, 33) = Empty
    vntDefaultInputs(218, 34) = Empty
    vntDefaultInputs(218, 35) = ""fully automated""
    vntDefaultInputs(218, 36) = Empty
    vntDefaultInputs(218, 37) = Empty
    vntDefaultInputs(218, 38) = Empty
    vntDefaultInputs(218, 39) = Empty
    vntDefaultInputs(218, 40) = Empty
    vntDefaultInputs(218, 41) = Empty
    vntDefaultInputs(218, 42) = Empty
    vntDefaultInputs(218, 43) = Empty
    vntDefaultInputs(218, 44) = Empty
    vntDefaultInputs(218, 45) = Empty
    vntDefaultInputs(218, 46) = Empty
    vntDefaultInputs(219, 1) = 14
    vntDefaultInputs(219, 2) = 2
    vntDefaultInputs(219, 3) = 2
    vntDefaultInputs(219, 4) = 0.124
    vntDefaultInputs(219, 5) = ""MGD""
    vntDefaultInputs(219, 6) = 0.035
    vntDefaultInputs(219, 7) = ""MGD""
    vntDefaultInputs(219, 8) = ""regeneration off-site (non-hazardous)""
    vntDefaultInputs(219, 9) = ""carbon life value- bed volumes""
    vntDefaultInputs(219, 10) = 20500
    vntDefaultInputs(219, 11) = Empty
    vntDefaultInputs(219, 12) = Empty
    vntDefaultInputs(219, 13) = Empty
    vntDefaultInputs(219, 14) = ""EBCT""
    vntDefaultInputs(219, 15) = 7.5
    vntDefaultInputs(219, 16) = Empty
    vntDefaultInputs(219, 17) = Empty
    vntDefaultInputs(219, 18) = Empty
    vntDefaultInputs(219, 19) = Empty
    vntDefaultInputs(219, 20) = Empty
    vntDefaultInputs(219, 21) = Empty
    vntDefaultInputs(219, 22) = Empty
    vntDefaultInputs(219, 23) = 6
    vntDefaultInputs(219, 24) = 6
    vntDefaultInputs(219, 25) = 3
    vntDefaultInputs(219, 26) = 168
    vntDefaultInputs(219, 27) = ""POTW""
    vntDefaultInputs(219, 28) = ""holding tank""
    vntDefaultInputs(219, 29) = ""manual transfer""
    vntDefaultInputs(219, 30) = ""non-hazardous""
    vntDefaultInputs(219, 31) = Empty
    vntDefaultInputs(219, 32) = 0
    vntDefaultInputs(219, 33) = Empty
    vntDefaultInputs(219, 34) = Empty
    vntDefaultInputs(219, 35) = ""fully automated""
    vntDefaultInputs(219, 36) = Empty
    vntDefaultInputs(219, 37) = Empty
    vntDefaultInputs(219, 38) = Empty
    vntDefaultInputs(219, 39) = Empty
    vntDefaultInputs(219, 40) = Empty
    vntDefaultInputs(219, 41) = Empty
    vntDefaultInputs(219, 42) = Empty
    vntDefaultInputs(219, 43) = Empty
    vntDefaultInputs(219, 44) = Empty
    vntDefaultInputs(219, 45) = Empty
    vntDefaultInputs(219, 46) = Empty
    vntDefaultInputs(220, 1) = 14
    vntDefaultInputs(220, 2) = 2
    vntDefaultInputs(220, 3) = 3
    vntDefaultInputs(220, 4) = 0.305
    vntDefaultInputs(220, 5) = ""MGD""
    vntDefaultInputs(220, 6) = 0.094
    vntDefaultInputs(220, 7) = ""MGD""
    vntDefaultInputs(220, 8) = ""regeneration off-site (non-hazardous)""
    vntDefaultInputs(220, 9) = ""carbon life value- bed volumes""
    vntDefaultInputs(220, 10) = 20500
    vntDefaultInputs(220, 11) = Empty
    vntDefaultInputs(220, 12) = Empty
    vntDefaultInputs(220, 13) = Empty
    vntDefaultInputs(220, 14) = ""EBCT""
    vntDefaultInputs(220, 15) = 7.5
    vntDefaultInputs(220, 16) = Empty
    vntDefaultInputs(220, 17) = Empty
    vntDefaultInputs(220, 18) = Empty
    vntDefaultInputs(220, 19) = Empty
    vntDefaultInputs(220, 20) = Empty
    vntDefaultInputs(220, 21) = Empty
    vntDefaultInputs(220, 22) = Empty
    vntDefaultInputs(220, 23) = 6
    vntDefaultInputs(220, 24) = 6
    vntDefaultInputs(220, 25) = 3
    vntDefaultInputs(220, 26) = 168
    vntDefaultInputs(220, 27) = ""POTW""
    vntDefaultInputs(220, 28) = ""holding tank""
    vntDefaultInputs(220, 29) = ""manual transfer""
    vntDefaultInputs(220, 30) = ""non-hazardous""
    vntDefaultInputs(220, 31) = Empty
    vntDefaultInputs(220, 32) = 0
    vntDefaultInputs(220, 33) = Empty
    vntDefaultInputs(220, 34) = Empty
    vntDefaultInputs(220, 35) = ""fully automated""
    vntDefaultInputs(220, 36) = Empty
    vntDefaultInputs(220, 37) = Empty
    vntDefaultInputs(220, 38) = Empty
    vntDefaultInputs(220, 39) = Empty
    vntDefaultInputs(220, 40) = Empty
    vntDefaultInputs(220, 41) = Empty
    vntDefaultInputs(220, 42) = Empty
    vntDefaultInputs(220, 43) = Empty
    vntDefaultInputs(220, 44) = Empty
    vntDefaultInputs(220, 45) = Empty
    vntDefaultInputs(220, 46) = Empty
    vntDefaultInputs(221, 1) = 14
    vntDefaultInputs(221, 2) = 2
    vntDefaultInputs(221, 3) = 4
    vntDefaultInputs(221, 4) = 0.74
    vntDefaultInputs(221, 5) = ""MGD""
    vntDefaultInputs(221, 6) = 0.251
    vntDefaultInputs(221, 7) = ""MGD""
    vntDefaultInputs(221, 8) = ""regeneration off-site (non-hazardous)""
    vntDefaultInputs(221, 9) = ""carbon life value- bed volumes""
    vntDefaultInputs(221, 10) = 20500
    vntDefaultInputs(221, 11) = Empty
    vntDefaultInputs(221, 12) = Empty
    vntDefaultInputs(221, 13) = Empty
    vntDefaultInputs(221, 14) = ""EBCT""
    vntDefaultInputs(221, 15) = 7.5
    vntDefaultInputs(221, 16) = Empty
    vntDefaultInputs(221, 17) = Empty
    vntDefaultInputs(221, 18) = Empty
    vntDefaultInputs(221, 19) = Empty
    vntDefaultInputs(221, 20) = Empty
    vntDefaultInputs(221, 21) = Empty
    vntDefaultInputs(221, 22) = Empty
    vntDefaultInputs(221, 23) = 7
    vntDefaultInputs(221, 24) = 7
    vntDefaultInputs(221, 25) = 5.3
    vntDefaultInputs(221, 26) = 168
    vntDefaultInputs(221, 27) = ""POTW""
    vntDefaultInputs(221, 28) = ""holding tank""
    vntDefaultInputs(221, 29) = ""manual transfer""
    vntDefaultInputs(221, 30) = ""non-hazardous""
    vntDefaultInputs(221, 31) = Empty
    vntDefaultInputs(221, 32) = 0
    vntDefaultInputs(221, 33) = Empty
    vntDefaultInputs(221, 34) = Empty
    vntDefaultInputs(221, 35) = ""fully automated""
    vntDefaultInputs(221, 36) = Empty
    vntDefaultInputs(221, 37) = Empty
    vntDefaultInputs(221, 38) = Empty
    vntDefaultInputs(221, 39) = Empty
    vntDefaultInputs(221, 40) = Empty
    vntDefaultInputs(221, 41) = Empty
    vntDefaultInputs(221, 42) = Empty
    vntDefaultInputs(221, 43) = Empty
    vntDefaultInputs(221, 44) = Empty
    vntDefaultInputs(221, 45) = Empty
    vntDefaultInputs(221, 46) = Empty
    vntDefaultInputs(222, 1) = 14
    vntDefaultInputs(222, 2) = 2
    vntDefaultInputs(222, 3) = 5
    vntDefaultInputs(222, 4) = 2.152
    vntDefaultInputs(222, 5) = ""MGD""
    vntDefaultInputs(222, 6) = 0.819
    vntDefaultInputs(222, 7) = ""MGD""
    vntDefaultInputs(222, 8) = ""regeneration off-site (non-hazardous)""
    vntDefaultInputs(222, 9) = ""carbon life value- bed volumes""
    vntDefaultInputs(222, 10) = 20500
    vntDefaultInputs(222, 11) = Empty
    vntDefaultInputs(222, 12) = Empty
    vntDefaultInputs(222, 13) = Empty
    vntDefaultInputs(222, 14) = ""EBCT""
    vntDefaultInputs(222, 15) = 7.5
    vntDefaultInputs(222, 16) = Empty
    vntDefaultInputs(222, 17) = Empty
    vntDefaultInputs(222, 18) = Empty
    vntDefaultInputs(222, 19) = Empty
    vntDefaultInputs(222, 20) = Empty
    vntDefaultInputs(222, 21) = Empty
    vntDefaultInputs(222, 22) = Empty
    vntDefaultInputs(222, 23) = 8
    vntDefaultInputs(222, 24) = 8
    vntDefaultInputs(222, 25) = 7.9
    vntDefaultInputs(222, 26) = 168
    vntDefaultInputs(222, 27) = ""POTW""
    vntDefaultInputs(222, 28) = ""holding tank""
    vntDefaultInputs(222, 29) = ""manual transfer""
    vntDefaultInputs(222, 30) = ""non-hazardous""
    vntDefaultInputs(222, 31) = Empty
    vntDefaultInputs(222, 32) = 0
    vntDefaultInputs(222, 33) = Empty
    vntDefaultInputs(222, 34) = Empty
    vntDefaultInputs(222, 35) = ""fully automated""
    vntDefaultInputs(222, 36) = Empty
    vntDefaultInputs(222, 37) = Empty
    vntDefaultInputs(222, 38) = Empty
    vntDefaultInputs(222, 39) = Empty
    vntDefaultInputs(222, 40) = Empty
    vntDefaultInputs(222, 41) = Empty
    vntDefaultInputs(222, 42) = Empty
    vntDefaultInputs(222, 43) = Empty
    vntDefaultInputs(222, 44) = Empty
    vntDefaultInputs(222, 45) = Empty
    vntDefaultInputs(222, 46) = Empty
    vntDefaultInputs(223, 1) = 14
    vntDefaultInputs(223, 2) = 2
    vntDefaultInputs(223, 3) = 6
    vntDefaultInputs(223, 4) = 7.365
    vntDefaultInputs(223, 5) = ""MGD""
    vntDefaultInputs(223, 6) = 3.2
    vntDefaultInputs(223, 7) = ""MGD""
    vntDefaultInputs(223, 8) = ""regeneration off-site (non-hazardous)""
    vntDefaultInputs(223, 9) = ""carbon life value- bed volumes""
    vntDefaultInputs(223, 10) = 20500
    vntDefaultInputs(223, 11) = Empty
    vntDefaultInputs(223, 12) = Empty
    vntDefaultInputs(223, 13) = Empty
    vntDefaultInputs(223, 14) = ""EBCT""
    vntDefaultInputs(223, 15) = 7.5
    vntDefaultInputs(223, 16) = Empty
    vntDefaultInputs(223, 17) = Empty
    vntDefaultInputs(223, 18) = Empty
    vntDefaultInputs(223, 19) = Empty
    vntDefaultInputs(223, 20) = Empty
    vntDefaultInputs(223, 21) = Empty
    vntDefaultInputs(223, 22) = Empty
    vntDefaultInputs(223, 23) = 11.5
    vntDefaultInputs(223, 24) = 11.5
    vntDefaultInputs(223, 25) = 7.8
    vntDefaultInputs(223, 26) = 168
    vntDefaultInputs(223, 27) = ""POTW""
    vntDefaultInputs(223, 28) = ""holding tank""
    vntDefaultInputs(223, 29) = ""eductors""
    vntDefaultInputs(223, 30) = ""non-hazardous""
    vntDefaultInputs(223, 31) = Empty
    vntDefaultInputs(223, 32) = 0
    vntDefaultInputs(223, 33) = Empty
    vntDefaultInputs(223, 34) = Empty
    vntDefaultInputs(223, 35) = ""fully automated""
    vntDefaultInputs(223, 36) = Empty
    vntDefaultInputs(223, 37) = Empty
    vntDefaultInputs(223, 38) = Empty
    vntDefaultInputs(223, 39) = Empty
    vntDefaultInputs(223, 40) = Empty
    vntDefaultInputs(223, 41) = Empty
    vntDefaultInputs(223, 42) = Empty
    vntDefaultInputs(223, 43) = Empty
    vntDefaultInputs(223, 44) = Empty
    vntDefaultInputs(223, 45) = Empty
    vntDefaultInputs(223, 46) = Empty
    vntDefaultInputs(224, 1) = 14
    vntDefaultInputs(224, 2) = 2
    vntDefaultInputs(224, 3) = 7
    vntDefaultInputs(224, 4) = 22.614
    vntDefaultInputs(224, 5) = ""MGD""
    vntDefaultInputs(224, 6) = 11.066
    vntDefaultInputs(224, 7) = ""MGD""
    vntDefaultInputs(224, 8) = ""regeneration off-site (non-hazardous)""
    vntDefaultInputs(224, 9) = ""carbon life value- bed volumes""
    vntDefaultInputs(224, 10) = 20500
    vntDefaultInputs(224, 11) = Empty
    vntDefaultInputs(224, 12) = Empty
    vntDefaultInputs(224, 13) = Empty
    vntDefaultInputs(224, 14) = ""EBCT""
    vntDefaultInputs(224, 15) = 7.5
    vntDefaultInputs(224, 16) = Empty
    vntDefaultInputs(224, 17) = Empty
    vntDefaultInputs(224, 18) = Empty
    vntDefaultInputs(224, 19) = Empty
    vntDefaultInputs(224, 20) = Empty
    vntDefaultInputs(224, 21) = Empty
    vntDefaultInputs(224, 22) = Empty
    vntDefaultInputs(224, 23) = 15
    vntDefaultInputs(224, 24) = 15
    vntDefaultInputs(224, 25) = 7.8
    vntDefaultInputs(224, 26) = 168
    vntDefaultInputs(224, 27) = ""POTW""
    vntDefaultInputs(224, 28) = ""holding tank""
    vntDefaultInputs(224, 29) = ""eductors""
    vntDefaultInputs(224, 30) = ""non-hazardous""
    vntDefaultInputs(224, 31) = Empty
    vntDefaultInputs(224, 32) = 0
    vntDefaultInputs(224, 33) = Empty
    vntDefaultInputs(224, 34) = Empty
    vntDefaultInputs(224, 35) = ""fully automated""
    vntDefaultInputs(224, 36) = Empty
    vntDefaultInputs(224, 37) = Empty
    vntDefaultInputs(224, 38) = Empty
    vntDefaultInputs(224, 39) = Empty
    vntDefaultInputs(224, 40) = Empty
    vntDefaultInputs(224, 41) = Empty
    vntDefaultInputs(224, 42) = Empty
    vntDefaultInputs(224, 43) = Empty
    vntDefaultInputs(224, 44) = Empty
    vntDefaultInputs(224, 45) = Empty
    vntDefaultInputs(224, 46) = Empty
    vntDefaultInputs(225, 1) = 14
    vntDefaultInputs(225, 2) = 2
    vntDefaultInputs(225, 3) = 8
    vntDefaultInputs(225, 4) = 75.072
    vntDefaultInputs(225, 5) = ""MGD""
    vntDefaultInputs(225, 6) = 37.536
    vntDefaultInputs(225, 7) = ""MGD""
    vntDefaultInputs(225, 8) = ""regeneration off-site (non-hazardous)""
    vntDefaultInputs(225, 9) = ""carbon life value- bed volumes""
    vntDefaultInputs(225, 10) = 20500
    vntDefaultInputs(225, 11) = Empty
    vntDefaultInputs(225, 12) = Empty
    vntDefaultInputs(225, 13) = Empty
    vntDefaultInputs(225, 14) = ""EBCT""
    vntDefaultInputs(225, 15) = 7.5
    vntDefaultInputs(225, 16) = Empty
    vntDefaultInputs(225, 17) = Empty
    vntDefaultInputs(225, 18) = Empty
    vntDefaultInputs(225, 19) = Empty
    vntDefaultInputs(225, 20) = Empty
    vntDefaultInputs(225, 21) = Empty
    vntDefaultInputs(225, 22) = Empty
    vntDefaultInputs(225, 23) = 30
    vntDefaultInputs(225, 24) = 30
    vntDefaultInputs(225, 25) = 9.7
    vntDefaultInputs(225, 26) = 168
    vntDefaultInputs(225, 27) = ""POTW""
    vntDefaultInputs(225, 28) = ""holding tank""
    vntDefaultInputs(225, 29) = ""eductors""
    vntDefaultInputs(225, 30) = ""non-hazardous""
    vntDefaultInputs(225, 31) = Empty
    vntDefaultInputs(225, 32) = 0
    vntDefaultInputs(225, 33) = Empty
    vntDefaultInputs(225, 34) = Empty
    vntDefaultInputs(225, 35) = ""fully automated""
    vntDefaultInputs(225, 36) = Empty
    vntDefaultInputs(225, 37) = Empty
    vntDefaultInputs(225, 38) = Empty
    vntDefaultInputs(225, 39) = Empty
    vntDefaultInputs(225, 40) = Empty
    vntDefaultInputs(225, 41) = Empty
    vntDefaultInputs(225, 42) = Empty
    vntDefaultInputs(225, 43) = Empty
    vntDefaultInputs(225, 44) = Empty
    vntDefaultInputs(225, 45) = Empty
    vntDefaultInputs(225, 46) = Empty
    vntDefaultInputs(226, 1) = 15
    vntDefaultInputs(226, 2) = 1
    vntDefaultInputs(226, 3) = 1
    vntDefaultInputs(226, 4) = 0.03
    vntDefaultInputs(226, 5) = ""MGD""
    vntDefaultInputs(226, 6) = 0.007
    vntDefaultInputs(226, 7) = ""MGD""
    vntDefaultInputs(226, 8) = ""regeneration off-site (non-hazardous)""
    vntDefaultInputs(226, 9) = ""carbon life value- bed volumes""
    vntDefaultInputs(226, 10) = 47100
    vntDefaultInputs(226, 11) = Empty
    vntDefaultInputs(226, 12) = Empty
    vntDefaultInputs(226, 13) = Empty
    vntDefaultInputs(226, 14) = ""EBCT""
    vntDefaultInputs(226, 15) = 7.5
    vntDefaultInputs(226, 16) = Empty
    vntDefaultInputs(226, 17) = Empty
    vntDefaultInputs(226, 18) = 1
    vntDefaultInputs(226, 19) = 3.4
    vntDefaultInputs(226, 20) = ""upright""
    vntDefaultInputs(226, 21) = 6
    vntDefaultInputs(226, 22) = 2
    vntDefaultInputs(226, 23) = Empty
    vntDefaultInputs(226, 24) = Empty
    vntDefaultInputs(226, 25) = Empty
    vntDefaultInputs(226, 26) = 168
    vntDefaultInputs(226, 27) = ""POTW""
    vntDefaultInputs(226, 28) = ""no holding tank""
    vntDefaultInputs(226, 29) = ""manual transfer""
    vntDefaultInputs(226, 30) = Empty
    vntDefaultInputs(226, 31) = Empty
    vntDefaultInputs(226, 32) = 0
    vntDefaultInputs(226, 33) = Empty
    vntDefaultInputs(226, 34) = Empty
    vntDefaultInputs(226, 35) = ""fully automated""
    vntDefaultInputs(226, 36) = Empty
    vntDefaultInputs(226, 37) = Empty
    vntDefaultInputs(226, 38) = Empty
    vntDefaultInputs(226, 39) = Empty
    vntDefaultInputs(226, 40) = Empty
    vntDefaultInputs(226, 41) = Empty
    vntDefaultInputs(226, 42) = Empty
    vntDefaultInputs(226, 43) = Empty
    vntDefaultInputs(226, 44) = Empty
    vntDefaultInputs(226, 45) = Empty
    vntDefaultInputs(226, 46) = Empty
    vntDefaultInputs(227, 1) = 15
    vntDefaultInputs(227, 2) = 1
    vntDefaultInputs(227, 3) = 2
    vntDefaultInputs(227, 4) = 0.124
    vntDefaultInputs(227, 5) = ""MGD""
    vntDefaultInputs(227, 6) = 0.035
    vntDefaultInputs(227, 7) = ""MGD""
    vntDefaultInputs(227, 8) = ""regeneration off-site (non-hazardous)""
    vntDefaultInputs(227, 9) = ""carbon life value- bed volumes""
    vntDefaultInputs(227, 10) = 47100
    vntDefaultInputs(227, 11) = Empty
    vntDefaultInputs(227, 12) = Empty
    vntDefaultInputs(227, 13) = Empty
    vntDefaultInputs(227, 14) = ""EBCT""
    vntDefaultInputs(227, 15) = 7.5
    vntDefaultInputs(227, 16) = Empty
    vntDefaultInputs(227, 17) = Empty
    vntDefaultInputs(227, 18) = 1
    vntDefaultInputs(227, 19) = 6.9
    vntDefaultInputs(227, 20) = ""upright""
    vntDefaultInputs(227, 21) = 11
    vntDefaultInputs(227, 22) = 4
    vntDefaultInputs(227, 23) = Empty
    vntDefaultInputs(227, 24) = Empty
    vntDefaultInputs(227, 25) = Empty
    vntDefaultInputs(227, 26) = 168
    vntDefaultInputs(227, 27) = ""POTW""
    vntDefaultInputs(227, 28) = ""Holding tank""
    vntDefaultInputs(227, 29) = ""manual transfer""
    vntDefaultInputs(227, 30) = ""non-hazardous""
    vntDefaultInputs(227, 31) = Empty
    vntDefaultInputs(227, 32) = 0
    vntDefaultInputs(227, 33) = Empty
    vntDefaultInputs(227, 34) = Empty
    vntDefaultInputs(227, 35) = ""fully automated""
    vntDefaultInputs(227, 36) = Empty
    vntDefaultInputs(227, 37) = Empty
    vntDefaultInputs(227, 38) = Empty
    vntDefaultInputs(227, 39) = Empty
    vntDefaultInputs(227, 40) = Empty
    vntDefaultInputs(227, 41) = Empty
    vntDefaultInputs(227, 42) = Empty
    vntDefaultInputs(227, 43) = Empty
    vntDefaultInputs(227, 44) = Empty
    vntDefaultInputs(227, 45) = Empty
    vntDefaultInputs(227, 46) = Empty
    vntDefaultInputs(228, 1) = 15
    vntDefaultInputs(228, 2) = 1
    vntDefaultInputs(228, 3) = 3
    vntDefaultInputs(228, 4) = 0.305
    vntDefaultInputs(228, 5) = ""MGD""
    vntDefaultInputs(228, 6) = 0.094
    vntDefaultInputs(228, 7) = ""MGD""
    vntDefaultInputs(228, 8) = ""regeneration off-site (non-hazardous)""
    vntDefaultInputs(228, 9) = ""carbon life value- bed volumes""
    vntDefaultInputs(228, 10) = 47100
    vntDefaultInputs(228, 11) = Empty
    vntDefaultInputs(228, 12) = Empty
    vntDefaultInputs(228, 13) = Empty
    vntDefaultInputs(228, 14) = ""EBCT""
    vntDefaultInputs(228, 15) = 7.5
    vntDefaultInputs(228, 16) = Empty
    vntDefaultInputs(228, 17) = Empty
    vntDefaultInputs(228, 18) = 1
    vntDefaultInputs(228, 19) = 6.7
    vntDefaultInputs(228, 20) = ""upright""
    vntDefaultInputs(228, 21) = 11
    vntDefaultInputs(228, 22) = 4.5
    vntDefaultInputs(228, 23) = Empty
    vntDefaultInputs(228, 24) = Empty
    vntDefaultInputs(228, 25) = Empty
    vntDefaultInputs(228, 26) = 168
    vntDefaultInputs(228, 27) = ""POTW""
    vntDefaultInputs(228, 28) = ""Holding tank""
    vntDefaultInputs(228, 29) = ""manual transfer""
    vntDefaultInputs(228, 30) = ""non-hazardous""
    vntDefaultInputs(228, 31) = Empty
    vntDefaultInputs(228, 32) = 0
    vntDefaultInputs(228, 33) = Empty
    vntDefaultInputs(228, 34) = Empty
    vntDefaultInputs(228, 35) = ""fully automated""
    vntDefaultInputs(228, 36) = Empty
    vntDefaultInputs(228, 37) = Empty
    vntDefaultInputs(228, 38) = Empty
    vntDefaultInputs(228, 39) = Empty
    vntDefaultInputs(228, 40) = Empty
    vntDefaultInputs(228, 41) = Empty
    vntDefaultInputs(228, 42) = Empty
    vntDefaultInputs(228, 43) = Empty
    vntDefaultInputs(228, 44) = Empty
    vntDefaultInputs(228, 45) = Empty
    vntDefaultInputs(228, 46) = Empty
    vntDefaultInputs(229, 1) = 15
    vntDefaultInputs(229, 2) = 1
    vntDefaultInputs(229, 3) = 4
    vntDefaultInputs(229, 4) = 0.74
    vntDefaultInputs(229, 5) = ""MGD""
    vntDefaultInputs(229, 6) = 0.251
    vntDefaultInputs(229, 7) = ""MGD""
    vntDefaultInputs(229, 8) = ""regeneration off-site (non-hazardous)""
    vntDefaultInputs(229, 9) = ""carbon life value- bed volumes""
    vntDefaultInputs(229, 10) = 47100
    vntDefaultInputs(229, 11) = Empty
    vntDefaultInputs(229, 12) = Empty
    vntDefaultInputs(229, 13) = Empty
    vntDefaultInputs(229, 14) = ""EBCT""
    vntDefaultInputs(229, 15) = 7.5
    vntDefaultInputs(229, 16) = Empty
    vntDefaultInputs(229, 17) = Empty
    vntDefaultInputs(229, 18) = 1
    vntDefaultInputs(229, 19) = 6.7
    vntDefaultInputs(229, 20) = ""upright""
    vntDefaultInputs(229, 21) = 11
    vntDefaultInputs(229, 22) = 7
    vntDefaultInputs(229, 23) = Empty
    vntDefaultInputs(229, 24) = Empty
    vntDefaultInputs(229, 25) = Empty
    vntDefaultInputs(229, 26) = 168
    vntDefaultInputs(229, 27) = ""POTW""
    vntDefaultInputs(229, 28) = ""Holding tank""
    vntDefaultInputs(229, 29) = ""manual transfer""
    vntDefaultInputs(229, 30) = ""non-hazardous""
    vntDefaultInputs(229, 31) = Empty
    vntDefaultInputs(229, 32) = 0
    vntDefaultInputs(229, 33) = Empty
    vntDefaultInputs(229, 34) = Empty
    vntDefaultInputs(229, 35) = ""fully automated""
    vntDefaultInputs(229, 36) = Empty
    vntDefaultInputs(229, 37) = Empty
    vntDefaultInputs(229, 38) = Empty
    vntDefaultInputs(229, 39) = Empty
    vntDefaultInputs(229, 40) = Empty
    vntDefaultInputs(229, 41) = Empty
    vntDefaultInputs(229, 42) = Empty
    vntDefaultInputs(229, 43) = Empty
    vntDefaultInputs(229, 44) = Empty
    vntDefaultInputs(229, 45) = Empty
    vntDefaultInputs(229, 46) = Empty
    vntDefaultInputs(230, 1) = 15
    vntDefaultInputs(230, 2) = 1
    vntDefaultInputs(230, 3) = 5
    vntDefaultInputs(230, 4) = 2.152
    vntDefaultInputs(230, 5) = ""MGD""
    vntDefaultInputs(230, 6) = 0.819
    vntDefaultInputs(230, 7) = ""MGD""
    vntDefaultInputs(230, 8) = ""regeneration off-site (non-hazardous)""
    vntDefaultInputs(230, 9) = ""carbon life value- bed volumes""
    vntDefaultInputs(230, 10) = 47100
    vntDefaultInputs(230, 11) = Empty
    vntDefaultInputs(230, 12) = Empty
    vntDefaultInputs(230, 13) = Empty
    vntDefaultInputs(230, 14) = ""EBCT""
    vntDefaultInputs(230, 15) = 7.5
    vntDefaultInputs(230, 16) = Empty
    vntDefaultInputs(230, 17) = Empty
    vntDefaultInputs(230, 18) = 1
    vntDefaultInputs(230, 19) = 6.7
    vntDefaultInputs(230, 20) = ""upright""
    vntDefaultInputs(230, 21) = 11
    vntDefaultInputs(230, 22) = 8.5
    vntDefaultInputs(230, 23) = Empty
    vntDefaultInputs(230, 24) = Empty
    vntDefaultInputs(230, 25) = Empty
    vntDefaultInputs(230, 26) = 168
    vntDefaultInputs(230, 27) = ""POTW""
    vntDefaultInputs(230, 28) = ""Holding tank""
    vntDefaultInputs(230, 29) = ""manual transfer""
    vntDefaultInputs(230, 30) = ""non-hazardous""
    vntDefaultInputs(230, 31) = Empty
    vntDefaultInputs(230, 32) = 0
    vntDefaultInputs(230, 33) = Empty
    vntDefaultInputs(230, 34) = Empty
    vntDefaultInputs(230, 35) = ""fully automated""
    vntDefaultInputs(230, 36) = Empty
    vntDefaultInputs(230, 37) = Empty
    vntDefaultInputs(230, 38) = Empty
    vntDefaultInputs(230, 39) = Empty
    vntDefaultInputs(230, 40) = Empty
    vntDefaultInputs(230, 41) = Empty
    vntDefaultInputs(230, 42) = Empty
    vntDefaultInputs(230, 43) = Empty
    vntDefaultInputs(230, 44) = Empty
    vntDefaultInputs(230, 45) = Empty
    vntDefaultInputs(230, 46) = Empty
    vntDefaultInputs(231, 1) = 15
    vntDefaultInputs(231, 2) = 1
    vntDefaultInputs(231, 3) = 6
    vntDefaultInputs(231, 4) = 7.365
    vntDefaultInputs(231, 5) = ""MGD""
    vntDefaultInputs(231, 6) = 3.2
    vntDefaultInputs(231, 7) = ""MGD""
    vntDefaultInputs(231, 8) = ""regeneration off-site (non-hazardous)""
    vntDefaultInputs(231, 9) = ""carbon life value- bed volumes""
    vntDefaultInputs(231, 10) = 47100
    vntDefaultInputs(231, 11) = Empty
    vntDefaultInputs(231, 12) = Empty
    vntDefaultInputs(231, 13) = Empty
    vntDefaultInputs(231, 14) = ""EBCT""
    vntDefaultInputs(231, 15) = 7.5
    vntDefaultInputs(231, 16) = Empty
    vntDefaultInputs(231, 17) = Empty
    vntDefaultInputs(231, 18) = 1
    vntDefaultInputs(231, 19) = 6.8
    vntDefaultInputs(231, 20) = ""upright""
    vntDefaultInputs(231, 21) = 11
    vntDefaultInputs(231, 22) = 11
    vntDefaultInputs(231, 23) = Empty
    vntDefaultInputs(231, 24) = Empty
    vntDefaultInputs(231, 25) = Empty
    vntDefaultInputs(231, 26) = 168
    vntDefaultInputs(231, 27) = ""POTW""
    vntDefaultInputs(231, 28) = ""Holding tank""
    vntDefaultInputs(231, 29) = ""eductors""
    vntDefaultInputs(231, 30) = ""non-hazardous""
    vntDefaultInputs(231, 31) = Empty
    vntDefaultInputs(231, 32) = 0
    vntDefaultInputs(231, 33) = Empty
    vntDefaultInputs(231, 34) = Empty
    vntDefaultInputs(231, 35) = ""fully automated""
    vntDefaultInputs(231, 36) = Empty
    vntDefaultInputs(231, 37) = Empty
    vntDefaultInputs(231, 38) = Empty
    vntDefaultInputs(231, 39) = Empty
    vntDefaultInputs(231, 40) = Empty
    vntDefaultInputs(231, 41) = Empty
    vntDefaultInputs(231, 42) = Empty
    vntDefaultInputs(231, 43) = Empty
    vntDefaultInputs(231, 44) = Empty
    vntDefaultInputs(231, 45) = Empty
    vntDefaultInputs(231, 46) = Empty
    vntDefaultInputs(232, 1) = 15
    vntDefaultInputs(232, 2) = 1
    vntDefaultInputs(232, 3) = 7
    vntDefaultInputs(232, 4) = 22.614
    vntDefaultInputs(232, 5) = ""MGD""
    vntDefaultInputs(232, 6) = 11.066
    vntDefaultInputs(232, 7) = ""MGD""
    vntDefaultInputs(232, 8) = ""regeneration off-site (non-hazardous)""
    vntDefaultInputs(232, 9) = ""carbon life value- bed volumes""
    vntDefaultInputs(232, 10) = 47100
    vntDefaultInputs(232, 11) = Empty
    vntDefaultInputs(232, 12) = Empty
    vntDefaultInputs(232, 13) = Empty
    vntDefaultInputs(232, 14) = ""EBCT""
    vntDefaultInputs(232, 15) = 7.5
    vntDefaultInputs(232, 16) = Empty
    vntDefaultInputs(232, 17) = Empty
    vntDefaultInputs(232, 18) = 1
    vntDefaultInputs(232, 19) = 7.1
    vntDefaultInputs(232, 20) = ""horizontal""
    vntDefaultInputs(232, 21) = 20
    vntDefaultInputs(232, 22) = 14
    vntDefaultInputs(232, 23) = Empty
    vntDefaultInputs(232, 24) = Empty
    vntDefaultInputs(232, 25) = Empty
    vntDefaultInputs(232, 26) = 168
    vntDefaultInputs(232, 27) = ""POTW""
    vntDefaultInputs(232, 28) = ""Holding tank""
    vntDefaultInputs(232, 29) = ""eductors""
    vntDefaultInputs(232, 30) = ""non-hazardous""
    vntDefaultInputs(232, 31) = Empty
    vntDefaultInputs(232, 32) = 0
    vntDefaultInputs(232, 33) = Empty
    vntDefaultInputs(232, 34) = Empty
    vntDefaultInputs(232, 35) = ""fully automated""
    vntDefaultInputs(232, 36) = Empty
    vntDefaultInputs(232, 37) = Empty
    vntDefaultInputs(232, 38) = Empty
    vntDefaultInputs(232, 39) = Empty
    vntDefaultInputs(232, 40) = Empty
    vntDefaultInputs(232, 41) = Empty
    vntDefaultInputs(232, 42) = Empty
    vntDefaultInputs(232, 43) = Empty
    vntDefaultInputs(232, 44) = Empty
    vntDefaultInputs(232, 45) = Empty
    vntDefaultInputs(232, 46) = Empty
    vntDefaultInputs(233, 1) = 15
    vntDefaultInputs(233, 2) = 1
    vntDefaultInputs(233, 3) = 8
    vntDefaultInputs(233, 4) = 75.072
    vntDefaultInputs(233, 5) = ""MGD""
    vntDefaultInputs(233, 6) = 37.536
    vntDefaultInputs(233, 7) = ""MGD""
    vntDefaultInputs(233, 8) = ""regeneration off-site (non-hazardous)""
    vntDefaultInputs(233, 9) = ""carbon life value- bed volumes""
    vntDefaultInputs(233, 10) = 47100
    vntDefaultInputs(233, 11) = Empty
    vntDefaultInputs(233, 12) = Empty
    vntDefaultInputs(233, 13) = Empty
    vntDefaultInputs(233, 14) = ""EBCT""
    vntDefaultInputs(233, 15) = 7.5
    vntDefaultInputs(233, 16) = Empty
    vntDefaultInputs(233, 17) = Empty
    vntDefaultInputs(233, 18) = 1
    vntDefaultInputs(233, 19) = 7.2
    vntDefaultInputs(233, 20) = ""horizontal""
    vntDefaultInputs(233, 21) = 20
    vntDefaultInputs(233, 22) = 14
    vntDefaultInputs(233, 23) = Empty
    vntDefaultInputs(233, 24) = Empty
    vntDefaultInputs(233, 25) = Empty
    vntDefaultInputs(233, 26) = 168
    vntDefaultInputs(233, 27) = ""POTW""
    vntDefaultInputs(233, 28) = ""Holding tank""
    vntDefaultInputs(233, 29) = ""eductors""
    vntDefaultInputs(233, 30) = ""non-hazardous""
    vntDefaultInputs(233, 31) = Empty
    vntDefaultInputs(233, 32) = 0
    vntDefaultInputs(233, 33) = Empty
    vntDefaultInputs(233, 34) = Empty
    vntDefaultInputs(233, 35) = ""fully automated""
    vntDefaultInputs(233, 36) = Empty
    vntDefaultInputs(233, 37) = Empty
    vntDefaultInputs(233, 38) = Empty
    vntDefaultInputs(233, 39) = Empty
    vntDefaultInputs(233, 40) = Empty
    vntDefaultInputs(233, 41) = Empty
    vntDefaultInputs(233, 42) = Empty
    vntDefaultInputs(233, 43) = Empty
    vntDefaultInputs(233, 44) = Empty
    vntDefaultInputs(233, 45) = Empty
    vntDefaultInputs(233, 46) = Empty
    vntDefaultInputs(234, 1) = 15
    vntDefaultInputs(234, 2) = 2
    vntDefaultInputs(234, 3) = 1
    vntDefaultInputs(234, 4) = 0.03
    vntDefaultInputs(234, 5) = ""MGD""
    vntDefaultInputs(234, 6) = 0.007
    vntDefaultInputs(234, 7) = ""MGD""
    vntDefaultInputs(234, 8) = ""regeneration off-site (non-hazardous)""
    vntDefaultInputs(234, 9) = ""carbon life value- bed volumes""
    vntDefaultInputs(234, 10) = 47100
    vntDefaultInputs(234, 11) = Empty
    vntDefaultInputs(234, 12) = Empty
    vntDefaultInputs(234, 13) = Empty
    vntDefaultInputs(234, 14) = ""EBCT""
    vntDefaultInputs(234, 15) = 7.5
    vntDefaultInputs(234, 16) = Empty
    vntDefaultInputs(234, 17) = Empty
    vntDefaultInputs(234, 18) = Empty
    vntDefaultInputs(234, 19) = Empty
    vntDefaultInputs(234, 20) = Empty
    vntDefaultInputs(234, 21) = Empty
    vntDefaultInputs(234, 22) = Empty
    vntDefaultInputs(234, 23) = 6
    vntDefaultInputs(234, 24) = 6
    vntDefaultInputs(234, 25) = 3
    vntDefaultInputs(234, 26) = 168
    vntDefaultInputs(234, 27) = ""POTW""
    vntDefaultInputs(234, 28) = ""holding tank""
    vntDefaultInputs(234, 29) = ""manual transfer""
    vntDefaultInputs(234, 30) = ""non-hazardous""
    vntDefaultInputs(234, 31) = Empty
    vntDefaultInputs(234, 32) = 0
    vntDefaultInputs(234, 33) = Empty
    vntDefaultInputs(234, 34) = Empty
    vntDefaultInputs(234, 35) = ""fully automated""
    vntDefaultInputs(234, 36) = Empty
    vntDefaultInputs(234, 37) = Empty
    vntDefaultInputs(234, 38) = Empty
    vntDefaultInputs(234, 39) = Empty
    vntDefaultInputs(234, 40) = Empty
    vntDefaultInputs(234, 41) = Empty
    vntDefaultInputs(234, 42) = Empty
    vntDefaultInputs(234, 43) = Empty
    vntDefaultInputs(234, 44) = Empty
    vntDefaultInputs(234, 45) = Empty
    vntDefaultInputs(234, 46) = Empty
    vntDefaultInputs(235, 1) = 15
    vntDefaultInputs(235, 2) = 2
    vntDefaultInputs(235, 3) = 2
    vntDefaultInputs(235, 4) = 0.124
    vntDefaultInputs(235, 5) = ""MGD""
    vntDefaultInputs(235, 6) = 0.035
    vntDefaultInputs(235, 7) = ""MGD""
    vntDefaultInputs(235, 8) = ""regeneration off-site (non-hazardous)""
    vntDefaultInputs(235, 9) = ""carbon life value- bed volumes""
    vntDefaultInputs(235, 10) = 47100
    vntDefaultInputs(235, 11) = Empty
    vntDefaultInputs(235, 12) = Empty
    vntDefaultInputs(235, 13) = Empty
    vntDefaultInputs(235, 14) = ""EBCT""
    vntDefaultInputs(235, 15) = 7.5
    vntDefaultInputs(235, 16) = Empty
    vntDefaultInputs(235, 17) = Empty
    vntDefaultInputs(235, 18) = Empty
    vntDefaultInputs(235, 19) = Empty
    vntDefaultInputs(235, 20) = Empty
    vntDefaultInputs(235, 21) = Empty
    vntDefaultInputs(235, 22) = Empty
    vntDefaultInputs(235, 23) = 6
    vntDefaultInputs(235, 24) = 6
    vntDefaultInputs(235, 25) = 3
    vntDefaultInputs(235, 26) = 168
    vntDefaultInputs(235, 27) = ""POTW""
    vntDefaultInputs(235, 28) = ""holding tank""
    vntDefaultInputs(235, 29) = ""manual transfer""
    vntDefaultInputs(235, 30) = ""non-hazardous""
    vntDefaultInputs(235, 31) = Empty
    vntDefaultInputs(235, 32) = 0
    vntDefaultInputs(235, 33) = Empty
    vntDefaultInputs(235, 34) = Empty
    vntDefaultInputs(235, 35) = ""fully automated""
    vntDefaultInputs(235, 36) = Empty
    vntDefaultInputs(235, 37) = Empty
    vntDefaultInputs(235, 38) = Empty
    vntDefaultInputs(235, 39) = Empty
    vntDefaultInputs(235, 40) = Empty
    vntDefaultInputs(235, 41) = Empty
    vntDefaultInputs(235, 42) = Empty
    vntDefaultInputs(235, 43) = Empty
    vntDefaultInputs(235, 44) = Empty
    vntDefaultInputs(235, 45) = Empty
    vntDefaultInputs(235, 46) = Empty
    vntDefaultInputs(236, 1) = 15
    vntDefaultInputs(236, 2) = 2
    vntDefaultInputs(236, 3) = 3
    vntDefaultInputs(236, 4) = 0.305
    vntDefaultInputs(236, 5) = ""MGD""
    vntDefaultInputs(236, 6) = 0.094
    vntDefaultInputs(236, 7) = ""MGD""
    vntDefaultInputs(236, 8) = ""regeneration off-site (non-hazardous)""
    vntDefaultInputs(236, 9) = ""carbon life value- bed volumes""
    vntDefaultInputs(236, 10) = 47100
    vntDefaultInputs(236, 11) = Empty
    vntDefaultInputs(236, 12) = Empty
    vntDefaultInputs(236, 13) = Empty
    vntDefaultInputs(236, 14) = ""EBCT""
    vntDefaultInputs(236, 15) = 7.5
    vntDefaultInputs(236, 16) = Empty
    vntDefaultInputs(236, 17) = Empty
    vntDefaultInputs(236, 18) = Empty
    vntDefaultInputs(236, 19) = Empty
    vntDefaultInputs(236, 20) = Empty
    vntDefaultInputs(236, 21) = Empty
    vntDefaultInputs(236, 22) = Empty
    vntDefaultInputs(236, 23) = 6
    vntDefaultInputs(236, 24) = 6
    vntDefaultInputs(236, 25) = 3
    vntDefaultInputs(236, 26) = 168
    vntDefaultInputs(236, 27) = ""POTW""
    vntDefaultInputs(236, 28) = ""holding tank""
    vntDefaultInputs(236, 29) = ""manual transfer""
    vntDefaultInputs(236, 30) = ""non-hazardous""
    vntDefaultInputs(236, 31) = Empty
    vntDefaultInputs(236, 32) = 0
    vntDefaultInputs(236, 33) = Empty
    vntDefaultInputs(236, 34) = Empty
    vntDefaultInputs(236, 35) = ""fully automated""
    vntDefaultInputs(236, 36) = Empty
    vntDefaultInputs(236, 37) = Empty
    vntDefaultInputs(236, 38) = Empty
    vntDefaultInputs(236, 39) = Empty
    vntDefaultInputs(236, 40) = Empty
    vntDefaultInputs(236, 41) = Empty
    vntDefaultInputs(236, 42) = Empty
    vntDefaultInputs(236, 43) = Empty
    vntDefaultInputs(236, 44) = Empty
    vntDefaultInputs(236, 45) = Empty
    vntDefaultInputs(236, 46) = Empty
    vntDefaultInputs(237, 1) = 15
    vntDefaultInputs(237, 2) = 2
    vntDefaultInputs(237, 3) = 4
    vntDefaultInputs(237, 4) = 0.74
    vntDefaultInputs(237, 5) = ""MGD""
    vntDefaultInputs(237, 6) = 0.251
    vntDefaultInputs(237, 7) = ""MGD""
    vntDefaultInputs(237, 8) = ""regeneration off-site (non-hazardous)""
    vntDefaultInputs(237, 9) = ""carbon life value- bed volumes""
    vntDefaultInputs(237, 10) = 47100
    vntDefaultInputs(237, 11) = Empty
    vntDefaultInputs(237, 12) = Empty
    vntDefaultInputs(237, 13) = Empty
    vntDefaultInputs(237, 14) = ""EBCT""
    vntDefaultInputs(237, 15) = 7.5
    vntDefaultInputs(237, 16) = Empty
    vntDefaultInputs(237, 17) = Empty
    vntDefaultInputs(237, 18) = Empty
    vntDefaultInputs(237, 19) = Empty
    vntDefaultInputs(237, 20) = Empty
    vntDefaultInputs(237, 21) = Empty
    vntDefaultInputs(237, 22) = Empty
    vntDefaultInputs(237, 23) = 7
    vntDefaultInputs(237, 24) = 7
    vntDefaultInputs(237, 25) = 5.3
    vntDefaultInputs(237, 26) = 168
    vntDefaultInputs(237, 27) = ""POTW""
    vntDefaultInputs(237, 28) = ""holding tank""
    vntDefaultInputs(237, 29) = ""manual transfer""
    vntDefaultInputs(237, 30) = ""non-hazardous""
    vntDefaultInputs(237, 31) = Empty
    vntDefaultInputs(237, 32) = 0
    vntDefaultInputs(237, 33) = Empty
    vntDefaultInputs(237, 34) = Empty
    vntDefaultInputs(237, 35) = ""fully automated""
    vntDefaultInputs(237, 36) = Empty
    vntDefaultInputs(237, 37) = Empty
    vntDefaultInputs(237, 38) = Empty
    vntDefaultInputs(237, 39) = Empty
    vntDefaultInputs(237, 40) = Empty
    vntDefaultInputs(237, 41) = Empty
    vntDefaultInputs(237, 42) = Empty
    vntDefaultInputs(237, 43) = Empty
    vntDefaultInputs(237, 44) = Empty
    vntDefaultInputs(237, 45) = Empty
    vntDefaultInputs(237, 46) = Empty
    vntDefaultInputs(238, 1) = 15
    vntDefaultInputs(238, 2) = 2
    vntDefaultInputs(238, 3) = 5
    vntDefaultInputs(238, 4) = 2.152
    vntDefaultInputs(238, 5) = ""MGD""
    vntDefaultInputs(238, 6) = 0.819
    vntDefaultInputs(238, 7) = ""MGD""
    vntDefaultInputs(238, 8) = ""regeneration off-site (non-hazardous)""
    vntDefaultInputs(238, 9) = ""carbon life value- bed volumes""
    vntDefaultInputs(238, 10) = 47100
    vntDefaultInputs(238, 11) = Empty
    vntDefaultInputs(238, 12) = Empty
    vntDefaultInputs(238, 13) = Empty
    vntDefaultInputs(238, 14) = ""EBCT""
    vntDefaultInputs(238, 15) = 7.5
    vntDefaultInputs(238, 16) = Empty
    vntDefaultInputs(238, 17) = Empty
    vntDefaultInputs(238, 18) = Empty
    vntDefaultInputs(238, 19) = Empty
    vntDefaultInputs(238, 20) = Empty
    vntDefaultInputs(238, 21) = Empty
    vntDefaultInputs(238, 22) = Empty
    vntDefaultInputs(238, 23) = 8
    vntDefaultInputs(238, 24) = 8
    vntDefaultInputs(238, 25) = 7.9
    vntDefaultInputs(238, 26) = 168
    vntDefaultInputs(238, 27) = ""POTW""
    vntDefaultInputs(238, 28) = ""holding tank""
    vntDefaultInputs(238, 29) = ""manual transfer""
    vntDefaultInputs(238, 30) = ""non-hazardous""
    vntDefaultInputs(238, 31) = Empty
    vntDefaultInputs(238, 32) = 0
    vntDefaultInputs(238, 33) = Empty
    vntDefaultInputs(238, 34) = Empty
    vntDefaultInputs(238, 35) = ""fully automated""
    vntDefaultInputs(238, 36) = Empty
    vntDefaultInputs(238, 37) = Empty
    vntDefaultInputs(238, 38) = Empty
    vntDefaultInputs(238, 39) = Empty
    vntDefaultInputs(238, 40) = Empty
    vntDefaultInputs(238, 41) = Empty
    vntDefaultInputs(238, 42) = Empty
    vntDefaultInputs(238, 43) = Empty
    vntDefaultInputs(238, 44) = Empty
    vntDefaultInputs(238, 45) = Empty
    vntDefaultInputs(238, 46) = Empty
    vntDefaultInputs(239, 1) = 15
    vntDefaultInputs(239, 2) = 2
    vntDefaultInputs(239, 3) = 6
    vntDefaultInputs(239, 4) = 7.365
    vntDefaultInputs(239, 5) = ""MGD""
    vntDefaultInputs(239, 6) = 3.2
    vntDefaultInputs(239, 7) = ""MGD""
    vntDefaultInputs(239, 8) = ""regeneration off-site (non-hazardous)""
    vntDefaultInputs(239, 9) = ""carbon life value- bed volumes""
    vntDefaultInputs(239, 10) = 47100
    vntDefaultInputs(239, 11) = Empty
    vntDefaultInputs(239, 12) = Empty
    vntDefaultInputs(239, 13) = Empty
    vntDefaultInputs(239, 14) = ""EBCT""
    vntDefaultInputs(239, 15) = 7.5
    vntDefaultInputs(239, 16) = Empty
    vntDefaultInputs(239, 17) = Empty
    vntDefaultInputs(239, 18) = Empty
    vntDefaultInputs(239, 19) = Empty
    vntDefaultInputs(239, 20) = Empty
    vntDefaultInputs(239, 21) = Empty
    vntDefaultInputs(239, 22) = Empty
    vntDefaultInputs(239, 23) = 11.5
    vntDefaultInputs(239, 24) = 11.5
    vntDefaultInputs(239, 25) = 7.8
    vntDefaultInputs(239, 26) = 168
    vntDefaultInputs(239, 27) = ""POTW""
    vntDefaultInputs(239, 28) = ""holding tank""
    vntDefaultInputs(239, 29) = ""eductors""
    vntDefaultInputs(239, 30) = ""non-hazardous""
    vntDefaultInputs(239, 31) = Empty
    vntDefaultInputs(239, 32) = 0
    vntDefaultInputs(239, 33) = Empty
    vntDefaultInputs(239, 34) = Empty
    vntDefaultInputs(239, 35) = ""fully automated""
    vntDefaultInputs(239, 36) = Empty
    vntDefaultInputs(239, 37) = Empty
    vntDefaultInputs(239, 38) = Empty
    vntDefaultInputs(239, 39) = Empty
    vntDefaultInputs(239, 40) = Empty
    vntDefaultInputs(239, 41) = Empty
    vntDefaultInputs(239, 42) = Empty
    vntDefaultInputs(239, 43) = Empty
    vntDefaultInputs(239, 44) = Empty
    vntDefaultInputs(239, 45) = Empty
    vntDefaultInputs(239, 46) = Empty
    vntDefaultInputs(240, 1) = 15
    vntDefaultInputs(240, 2) = 2
    vntDefaultInputs(240, 3) = 7
    vntDefaultInputs(240, 4) = 22.614
    vntDefaultInputs(240, 5) = ""MGD""
    vntDefaultInputs(240, 6) = 11.066
    vntDefaultInputs(240, 7) = ""MGD""
    vntDefaultInputs(240, 8) = ""regeneration off-site (non-hazardous)""
    vntDefaultInputs(240, 9) = ""carbon life value- bed volumes""
    vntDefaultInputs(240, 10) = 47100
    vntDefaultInputs(240, 11) = Empty
    vntDefaultInputs(240, 12) = Empty
    vntDefaultInputs(240, 13) = Empty
    vntDefaultInputs(240, 14) = ""EBCT""
    vntDefaultInputs(240, 15) = 7.5
    vntDefaultInputs(240, 16) = Empty
    vntDefaultInputs(240, 17) = Empty
    vntDefaultInputs(240, 18) = Empty
    vntDefaultInputs(240, 19) = Empty
    vntDefaultInputs(240, 20) = Empty
    vntDefaultInputs(240, 21) = Empty
    vntDefaultInputs(240, 22) = Empty
    vntDefaultInputs(240, 23) = 15
    vntDefaultInputs(240, 24) = 15
    vntDefaultInputs(240, 25) = 7.8
    vntDefaultInputs(240, 26) = 168
    vntDefaultInputs(240, 27) = ""POTW""
    vntDefaultInputs(240, 28) = ""holding tank""
    vntDefaultInputs(240, 29) = ""eductors""
    vntDefaultInputs(240, 30) = ""non-hazardous""
    vntDefaultInputs(240, 31) = Empty
    vntDefaultInputs(240, 32) = 0
    vntDefaultInputs(240, 33) = Empty
    vntDefaultInputs(240, 34) = Empty
    vntDefaultInputs(240, 35) = ""fully automated""
    vntDefaultInputs(240, 36) = Empty
    vntDefaultInputs(240, 37) = Empty
    vntDefaultInputs(240, 38) = Empty
    vntDefaultInputs(240, 39) = Empty
    vntDefaultInputs(240, 40) = Empty
    vntDefaultInputs(240, 41) = Empty
    vntDefaultInputs(240, 42) = Empty
    vntDefaultInputs(240, 43) = Empty
    vntDefaultInputs(240, 44) = Empty
    vntDefaultInputs(240, 45) = Empty
    vntDefaultInputs(240, 46) = Empty
    vntDefaultInputs(241, 1) = 15
    vntDefaultInputs(241, 2) = 2
    vntDefaultInputs(241, 3) = 8
    vntDefaultInputs(241, 4) = 75.072
    vntDefaultInputs(241, 5) = ""MGD""
    vntDefaultInputs(241, 6) = 37.536
    vntDefaultInputs(241, 7) = ""MGD""
    vntDefaultInputs(241, 8) = ""regeneration off-site (non-hazardous)""
    vntDefaultInputs(241, 9) = ""carbon life value- bed volumes""
    vntDefaultInputs(241, 10) = 47100
    vntDefaultInputs(241, 11) = Empty
    vntDefaultInputs(241, 12) = Empty
    vntDefaultInputs(241, 13) = Empty
    vntDefaultInputs(241, 14) = ""EBCT""
    vntDefaultInputs(241, 15) = 7.5
    vntDefaultInputs(241, 16) = Empty
    vntDefaultInputs(241, 17) = Empty
    vntDefaultInputs(241, 18) = Empty
    vntDefaultInputs(241, 19) = Empty
    vntDefaultInputs(241, 20) = Empty
    vntDefaultInputs(241, 21) = Empty
    vntDefaultInputs(241, 22) = Empty
    vntDefaultInputs(241, 23) = 30
    vntDefaultInputs(241, 24) = 30
    vntDefaultInputs(241, 25) = 9.7
    vntDefaultInputs(241, 26) = 168
    vntDefaultInputs(241, 27) = ""POTW""
    vntDefaultInputs(241, 28) = ""holding tank""
    vntDefaultInputs(241, 29) = ""eductors""
    vntDefaultInputs(241, 30) = ""non-hazardous""
    vntDefaultInputs(241, 31) = Empty
    vntDefaultInputs(241, 32) = 0
    vntDefaultInputs(241, 33) = Empty
    vntDefaultInputs(241, 34) = Empty
    vntDefaultInputs(241, 35) = ""fully automated""
    vntDefaultInputs(241, 36) = Empty
    vntDefaultInputs(241, 37) = Empty
    vntDefaultInputs(241, 38) = Empty
    vntDefaultInputs(241, 39) = Empty
    vntDefaultInputs(241, 40) = Empty
    vntDefaultInputs(241, 41) = Empty
    vntDefaultInputs(241, 42) = Empty
    vntDefaultInputs(241, 43) = Empty
    vntDefaultInputs(241, 44) = Empty
    vntDefaultInputs(241, 45) = Empty
    vntDefaultInputs(241, 46) = Empty
        rngStdInputs1 = vntDefaultInputs
End Sub
    Sub RestoreInputs6()
    Dim vntDefaultInputs(242 To 289, 1 To 46) As Variant
    Dim wsStdInputs As Worksheet
    Dim rngStdInputs1 As Range
    
    Set wsStdInputs = ThisWorkbook.Worksheets(STDIN_WSN)
    Set rngStdInputs1 = wsStdInputs.Range(""A249"", ""AT296"")
    
    vntDefaultInputs(242, 1) = 16
    vntDefaultInputs(242, 2) = 1
    vntDefaultInputs(242, 3) = 1
    vntDefaultInputs(242, 4) = 0.03
    vntDefaultInputs(242, 5) = ""MGD""
    vntDefaultInputs(242, 6) = 0.007
    vntDefaultInputs(242, 7) = ""MGD""
    vntDefaultInputs(242, 8) = ""regeneration off-site (non-hazardous)""
    vntDefaultInputs(242, 9) = ""carbon life value- bed volumes""
    vntDefaultInputs(242, 10) = 38200
    vntDefaultInputs(242, 11) = Empty
    vntDefaultInputs(242, 12) = Empty
    vntDefaultInputs(242, 13) = Empty
    vntDefaultInputs(242, 14) = ""EBCT""
    vntDefaultInputs(242, 15) = 7.5
    vntDefaultInputs(242, 16) = Empty
    vntDefaultInputs(242, 17) = Empty
    vntDefaultInputs(242, 18) = 1
    vntDefaultInputs(242, 19) = 3.4
    vntDefaultInputs(242, 20) = ""upright""
    vntDefaultInputs(242, 21) = 6
    vntDefaultInputs(242, 22) = 2
    vntDefaultInputs(242, 23) = Empty
    vntDefaultInputs(242, 24) = Empty
    vntDefaultInputs(242, 25) = Empty
    vntDefaultInputs(242, 26) = 168
    vntDefaultInputs(242, 27) = ""POTW""
    vntDefaultInputs(242, 28) = ""no holding tank""
    vntDefaultInputs(242, 29) = ""manual transfer""
    vntDefaultInputs(242, 30) = Empty
    vntDefaultInputs(242, 31) = Empty
    vntDefaultInputs(242, 32) = 0
    vntDefaultInputs(242, 33) = Empty
    vntDefaultInputs(242, 34) = Empty
    vntDefaultInputs(242, 35) = ""fully automated""
    vntDefaultInputs(242, 36) = Empty
    vntDefaultInputs(242, 37) = Empty
    vntDefaultInputs(242, 38) = Empty
    vntDefaultInputs(242, 39) = Empty
    vntDefaultInputs(242, 40) = Empty
    vntDefaultInputs(242, 41) = Empty
    vntDefaultInputs(242, 42) = Empty
    vntDefaultInputs(242, 43) = Empty
    vntDefaultInputs(242, 44) = Empty
    vntDefaultInputs(242, 45) = Empty
    vntDefaultInputs(242, 46) = Empty
    vntDefaultInputs(243, 1) = 16
    vntDefaultInputs(243, 2) = 1
    vntDefaultInputs(243, 3) = 2
    vntDefaultInputs(243, 4) = 0.124
    vntDefaultInputs(243, 5) = ""MGD""
    vntDefaultInputs(243, 6) = 0.035
    vntDefaultInputs(243, 7) = ""MGD""
    vntDefaultInputs(243, 8) = ""regeneration off-site (non-hazardous)""
    vntDefaultInputs(243, 9) = ""carbon life value- bed volumes""
    vntDefaultInputs(243, 10) = 38200
    vntDefaultInputs(243, 11) = Empty
    vntDefaultInputs(243, 12) = Empty
    vntDefaultInputs(243, 13) = Empty
    vntDefaultInputs(243, 14) = ""EBCT""
    vntDefaultInputs(243, 15) = 7.5
    vntDefaultInputs(243, 16) = Empty
    vntDefaultInputs(243, 17) = Empty
    vntDefaultInputs(243, 18) = 1
    vntDefaultInputs(243, 19) = 6.9
    vntDefaultInputs(243, 20) = ""upright""
    vntDefaultInputs(243, 21) = 11
    vntDefaultInputs(243, 22) = 4
    vntDefaultInputs(243, 23) = Empty
    vntDefaultInputs(243, 24) = Empty
    vntDefaultInputs(243, 25) = Empty
    vntDefaultInputs(243, 26) = 168
    vntDefaultInputs(243, 27) = ""POTW""
    vntDefaultInputs(243, 28) = ""Holding tank""
    vntDefaultInputs(243, 29) = ""manual transfer""
    vntDefaultInputs(243, 30) = ""non-hazardous""
    vntDefaultInputs(243, 31) = Empty
    vntDefaultInputs(243, 32) = 0
    vntDefaultInputs(243, 33) = Empty
    vntDefaultInputs(243, 34) = Empty
    vntDefaultInputs(243, 35) = ""fully automated""
    vntDefaultInputs(243, 36) = Empty
    vntDefaultInputs(243, 37) = Empty
    vntDefaultInputs(243, 38) = Empty
    vntDefaultInputs(243, 39) = Empty
    vntDefaultInputs(243, 40) = Empty
    vntDefaultInputs(243, 41) = Empty
    vntDefaultInputs(243, 42) = Empty
    vntDefaultInputs(243, 43) = Empty
    vntDefaultInputs(243, 44) = Empty
    vntDefaultInputs(243, 45) = Empty
    vntDefaultInputs(243, 46) = Empty
    vntDefaultInputs(244, 1) = 16
    vntDefaultInputs(244, 2) = 1
    vntDefaultInputs(244, 3) = 3
    vntDefaultInputs(244, 4) = 0.305
    vntDefaultInputs(244, 5) = ""MGD""
    vntDefaultInputs(244, 6) = 0.094
    vntDefaultInputs(244, 7) = ""MGD""
    vntDefaultInputs(244, 8) = ""regeneration off-site (non-hazardous)""
    vntDefaultInputs(244, 9) = ""carbon life value- bed volumes""
    vntDefaultInputs(244, 10) = 38200
    vntDefaultInputs(244, 11) = Empty
    vntDefaultInputs(244, 12) = Empty
    vntDefaultInputs(244, 13) = Empty
    vntDefaultInputs(244, 14) = ""EBCT""
    vntDefaultInputs(244, 15) = 7.5
    vntDefaultInputs(244, 16) = Empty
    vntDefaultInputs(244, 17) = Empty
    vntDefaultInputs(244, 18) = 1
    vntDefaultInputs(244, 19) = 6.7
    vntDefaultInputs(244, 20) = ""upright""
    vntDefaultInputs(244, 21) = 11
    vntDefaultInputs(244, 22) = 4.5
    vntDefaultInputs(244, 23) = Empty
    vntDefaultInputs(244, 24) = Empty
    vntDefaultInputs(244, 25) = Empty
    vntDefaultInputs(244, 26) = 168
    vntDefaultInputs(244, 27) = ""POTW""
    vntDefaultInputs(244, 28) = ""Holding tank""
    vntDefaultInputs(244, 29) = ""manual transfer""
    vntDefaultInputs(244, 30) = ""non-hazardous""
    vntDefaultInputs(244, 31) = Empty
    vntDefaultInputs(244, 32) = 0
    vntDefaultInputs(244, 33) = Empty
    vntDefaultInputs(244, 34) = Empty
    vntDefaultInputs(244, 35) = ""fully automated""
    vntDefaultInputs(244, 36) = Empty
    vntDefaultInputs(244, 37) = Empty
    vntDefaultInputs(244, 38) = Empty
    vntDefaultInputs(244, 39) = Empty
    vntDefaultInputs(244, 40) = Empty
    vntDefaultInputs(244, 41) = Empty
    vntDefaultInputs(244, 42) = Empty
    vntDefaultInputs(244, 43) = Empty
    vntDefaultInputs(244, 44) = Empty
    vntDefaultInputs(244, 45) = Empty
    vntDefaultInputs(244, 46) = Empty
    vntDefaultInputs(245, 1) = 16
    vntDefaultInputs(245, 2) = 1
    vntDefaultInputs(245, 3) = 4
    vntDefaultInputs(245, 4) = 0.74
    vntDefaultInputs(245, 5) = ""MGD""
    vntDefaultInputs(245, 6) = 0.251
    vntDefaultInputs(245, 7) = ""MGD""
    vntDefaultInputs(245, 8) = ""regeneration off-site (non-hazardous)""
    vntDefaultInputs(245, 9) = ""carbon life value- bed volumes""
    vntDefaultInputs(245, 10) = 38200
    vntDefaultInputs(245, 11) = Empty
    vntDefaultInputs(245, 12) = Empty
    vntDefaultInputs(245, 13) = Empty
    vntDefaultInputs(245, 14) = ""EBCT""
    vntDefaultInputs(245, 15) = 7.5
    vntDefaultInputs(245, 16) = Empty
    vntDefaultInputs(245, 17) = Empty
    vntDefaultInputs(245, 18) = 1
    vntDefaultInputs(245, 19) = 6.7
    vntDefaultInputs(245, 20) = ""upright""
    vntDefaultInputs(245, 21) = 11
    vntDefaultInputs(245, 22) = 7
    vntDefaultInputs(245, 23) = Empty
    vntDefaultInputs(245, 24) = Empty
    vntDefaultInputs(245, 25) = Empty
    vntDefaultInputs(245, 26) = 168
    vntDefaultInputs(245, 27) = ""POTW""
    vntDefaultInputs(245, 28) = ""Holding tank""
    vntDefaultInputs(245, 29) = ""manual transfer""
    vntDefaultInputs(245, 30) = ""non-hazardous""
    vntDefaultInputs(245, 31) = Empty
    vntDefaultInputs(245, 32) = 0
    vntDefaultInputs(245, 33) = Empty
    vntDefaultInputs(245, 34) = Empty
    vntDefaultInputs(245, 35) = ""fully automated""
    vntDefaultInputs(245, 36) = Empty
    vntDefaultInputs(245, 37) = Empty
    vntDefaultInputs(245, 38) = Empty
    vntDefaultInputs(245, 39) = Empty
    vntDefaultInputs(245, 40) = Empty
    vntDefaultInputs(245, 41) = Empty
    vntDefaultInputs(245, 42) = Empty
    vntDefaultInputs(245, 43) = Empty
    vntDefaultInputs(245, 44) = Empty
    vntDefaultInputs(245, 45) = Empty
    vntDefaultInputs(245, 46) = Empty
    vntDefaultInputs(246, 1) = 16
    vntDefaultInputs(246, 2) = 1
    vntDefaultInputs(246, 3) = 5
    vntDefaultInputs(246, 4) = 2.152
    vntDefaultInputs(246, 5) = ""MGD""
    vntDefaultInputs(246, 6) = 0.819
    vntDefaultInputs(246, 7) = ""MGD""
    vntDefaultInputs(246, 8) = ""regeneration off-site (non-hazardous)""
    vntDefaultInputs(246, 9) = ""carbon life value- bed volumes""
    vntDefaultInputs(246, 10) = 38200
    vntDefaultInputs(246, 11) = Empty
    vntDefaultInputs(246, 12) = Empty
    vntDefaultInputs(246, 13) = Empty
    vntDefaultInputs(246, 14) = ""EBCT""
    vntDefaultInputs(246, 15) = 7.5
    vntDefaultInputs(246, 16) = Empty
    vntDefaultInputs(246, 17) = Empty
    vntDefaultInputs(246, 18) = 1
    vntDefaultInputs(246, 19) = 6.7
    vntDefaultInputs(246, 20) = ""upright""
    vntDefaultInputs(246, 21) = 11
    vntDefaultInputs(246, 22) = 8.5
    vntDefaultInputs(246, 23) = Empty
    vntDefaultInputs(246, 24) = Empty
    vntDefaultInputs(246, 25) = Empty
    vntDefaultInputs(246, 26) = 168
    vntDefaultInputs(246, 27) = ""POTW""
    vntDefaultInputs(246, 28) = ""Holding tank""
    vntDefaultInputs(246, 29) = ""manual transfer""
    vntDefaultInputs(246, 30) = ""non-hazardous""
    vntDefaultInputs(246, 31) = Empty
    vntDefaultInputs(246, 32) = 0
    vntDefaultInputs(246, 33) = Empty
    vntDefaultInputs(246, 34) = Empty
    vntDefaultInputs(246, 35) = ""fully automated""
    vntDefaultInputs(246, 36) = Empty
    vntDefaultInputs(246, 37) = Empty
    vntDefaultInputs(246, 38) = Empty
    vntDefaultInputs(246, 39) = Empty
    vntDefaultInputs(246, 40) = Empty
    vntDefaultInputs(246, 41) = Empty
    vntDefaultInputs(246, 42) = Empty
    vntDefaultInputs(246, 43) = Empty
    vntDefaultInputs(246, 44) = Empty
    vntDefaultInputs(246, 45) = Empty
    vntDefaultInputs(246, 46) = Empty
    vntDefaultInputs(247, 1) = 16
    vntDefaultInputs(247, 2) = 1
    vntDefaultInputs(247, 3) = 6
    vntDefaultInputs(247, 4) = 7.365
    vntDefaultInputs(247, 5) = ""MGD""
    vntDefaultInputs(247, 6) = 3.2
    vntDefaultInputs(247, 7) = ""MGD""
    vntDefaultInputs(247, 8) = ""regeneration off-site (non-hazardous)""
    vntDefaultInputs(247, 9) = ""carbon life value- bed volumes""
    vntDefaultInputs(247, 10) = 38200
    vntDefaultInputs(247, 11) = Empty
    vntDefaultInputs(247, 12) = Empty
    vntDefaultInputs(247, 13) = Empty
    vntDefaultInputs(247, 14) = ""EBCT""
    vntDefaultInputs(247, 15) = 7.5
    vntDefaultInputs(247, 16) = Empty
    vntDefaultInputs(247, 17) = Empty
    vntDefaultInputs(247, 18) = 1
    vntDefaultInputs(247, 19) = 6.8
    vntDefaultInputs(247, 20) = ""upright""
    vntDefaultInputs(247, 21) = 11
    vntDefaultInputs(247, 22) = 11
    vntDefaultInputs(247, 23) = Empty
    vntDefaultInputs(247, 24) = Empty
    vntDefaultInputs(247, 25) = Empty
    vntDefaultInputs(247, 26) = 168
    vntDefaultInputs(247, 27) = ""POTW""
    vntDefaultInputs(247, 28) = ""Holding tank""
    vntDefaultInputs(247, 29) = ""eductors""
    vntDefaultInputs(247, 30) = ""non-hazardous""
    vntDefaultInputs(247, 31) = Empty
    vntDefaultInputs(247, 32) = 0
    vntDefaultInputs(247, 33) = Empty
    vntDefaultInputs(247, 34) = Empty
    vntDefaultInputs(247, 35) = ""fully automated""
    vntDefaultInputs(247, 36) = Empty
    vntDefaultInputs(247, 37) = Empty
    vntDefaultInputs(247, 38) = Empty
    vntDefaultInputs(247, 39) = Empty
    vntDefaultInputs(247, 40) = Empty
    vntDefaultInputs(247, 41) = Empty
    vntDefaultInputs(247, 42) = Empty
    vntDefaultInputs(247, 43) = Empty
    vntDefaultInputs(247, 44) = Empty
    vntDefaultInputs(247, 45) = Empty
    vntDefaultInputs(247, 46) = Empty
    vntDefaultInputs(248, 1) = 16
    vntDefaultInputs(248, 2) = 1
    vntDefaultInputs(248, 3) = 7
    vntDefaultInputs(248, 4) = 22.614
    vntDefaultInputs(248, 5) = ""MGD""
    vntDefaultInputs(248, 6) = 11.066
    vntDefaultInputs(248, 7) = ""MGD""
    vntDefaultInputs(248, 8) = ""regeneration off-site (non-hazardous)""
    vntDefaultInputs(248, 9) = ""carbon life value- bed volumes""
    vntDefaultInputs(248, 10) = 38200
    vntDefaultInputs(248, 11) = Empty
    vntDefaultInputs(248, 12) = Empty
    vntDefaultInputs(248, 13) = Empty
    vntDefaultInputs(248, 14) = ""EBCT""
    vntDefaultInputs(248, 15) = 7.5
    vntDefaultInputs(248, 16) = Empty
    vntDefaultInputs(248, 17) = Empty
    vntDefaultInputs(248, 18) = 1
    vntDefaultInputs(248, 19) = 7.1
    vntDefaultInputs(248, 20) = ""horizontal""
    vntDefaultInputs(248, 21) = 20
    vntDefaultInputs(248, 22) = 14
    vntDefaultInputs(248, 23) = Empty
    vntDefaultInputs(248, 24) = Empty
    vntDefaultInputs(248, 25) = Empty
    vntDefaultInputs(248, 26) = 168
    vntDefaultInputs(248, 27) = ""POTW""
    vntDefaultInputs(248, 28) = ""Holding tank""
    vntDefaultInputs(248, 29) = ""eductors""
    vntDefaultInputs(248, 30) = ""non-hazardous""
    vntDefaultInputs(248, 31) = Empty
    vntDefaultInputs(248, 32) = 0
    vntDefaultInputs(248, 33) = Empty
    vntDefaultInputs(248, 34) = Empty
    vntDefaultInputs(248, 35) = ""fully automated""
    vntDefaultInputs(248, 36) = Empty
    vntDefaultInputs(248, 37) = Empty
    vntDefaultInputs(248, 38) = Empty
    vntDefaultInputs(248, 39) = Empty
    vntDefaultInputs(248, 40) = Empty
    vntDefaultInputs(248, 41) = Empty
    vntDefaultInputs(248, 42) = Empty
    vntDefaultInputs(248, 43) = Empty
    vntDefaultInputs(248, 44) = Empty
    vntDefaultInputs(248, 45) = Empty
    vntDefaultInputs(248, 46) = Empty
    vntDefaultInputs(249, 1) = 16
    vntDefaultInputs(249, 2) = 1
    vntDefaultInputs(249, 3) = 8
    vntDefaultInputs(249, 4) = 75.072
    vntDefaultInputs(249, 5) = ""MGD""
    vntDefaultInputs(249, 6) = 37.536
    vntDefaultInputs(249, 7) = ""MGD""
    vntDefaultInputs(249, 8) = ""regeneration off-site (non-hazardous)""
    vntDefaultInputs(249, 9) = ""carbon life value- bed volumes""
    vntDefaultInputs(249, 10) = 38200
    vntDefaultInputs(249, 11) = Empty
    vntDefaultInputs(249, 12) = Empty
    vntDefaultInputs(249, 13) = Empty
    vntDefaultInputs(249, 14) = ""EBCT""
    vntDefaultInputs(249, 15) = 7.5
    vntDefaultInputs(249, 16) = Empty
    vntDefaultInputs(249, 17) = Empty
    vntDefaultInputs(249, 18) = 1
    vntDefaultInputs(249, 19) = 7.2
    vntDefaultInputs(249, 20) = ""horizontal""
    vntDefaultInputs(249, 21) = 20
    vntDefaultInputs(249, 22) = 14
    vntDefaultInputs(249, 23) = Empty
    vntDefaultInputs(249, 24) = Empty
    vntDefaultInputs(249, 25) = Empty
    vntDefaultInputs(249, 26) = 168
    vntDefaultInputs(249, 27) = ""POTW""
    vntDefaultInputs(249, 28) = ""Holding tank""
    vntDefaultInputs(249, 29) = ""eductors""
    vntDefaultInputs(249, 30) = ""non-hazardous""
    vntDefaultInputs(249, 31) = Empty
    vntDefaultInputs(249, 32) = 0
    vntDefaultInputs(249, 33) = Empty
    vntDefaultInputs(249, 34) = Empty
    vntDefaultInputs(249, 35) = ""fully automated""
    vntDefaultInputs(249, 36) = Empty
    vntDefaultInputs(249, 37) = Empty
    vntDefaultInputs(249, 38) = Empty
    vntDefaultInputs(249, 39) = Empty
    vntDefaultInputs(249, 40) = Empty
    vntDefaultInputs(249, 41) = Empty
    vntDefaultInputs(249, 42) = Empty
    vntDefaultInputs(249, 43) = Empty
    vntDefaultInputs(249, 44) = Empty
    vntDefaultInputs(249, 45) = Empty
    vntDefaultInputs(249, 46) = Empty
    vntDefaultInputs(250, 1) = 16
    vntDefaultInputs(250, 2) = 2
    vntDefaultInputs(250, 3) = 1
    vntDefaultInputs(250, 4) = 0.03
    vntDefaultInputs(250, 5) = ""MGD""
    vntDefaultInputs(250, 6) = 0.007
    vntDefaultInputs(250, 7) = ""MGD""
    vntDefaultInputs(250, 8) = ""regeneration off-site (non-hazardous)""
    vntDefaultInputs(250, 9) = ""carbon life value- bed volumes""
    vntDefaultInputs(250, 10) = 38200
    vntDefaultInputs(250, 11) = Empty
    vntDefaultInputs(250, 12) = Empty
    vntDefaultInputs(250, 13) = Empty
    vntDefaultInputs(250, 14) = ""EBCT""
    vntDefaultInputs(250, 15) = 7.5
    vntDefaultInputs(250, 16) = Empty
    vntDefaultInputs(250, 17) = Empty
    vntDefaultInputs(250, 18) = Empty
    vntDefaultInputs(250, 19) = Empty
    vntDefaultInputs(250, 20) = Empty
    vntDefaultInputs(250, 21) = Empty
    vntDefaultInputs(250, 22) = Empty
    vntDefaultInputs(250, 23) = 6
    vntDefaultInputs(250, 24) = 6
    vntDefaultInputs(250, 25) = 3
    vntDefaultInputs(250, 26) = 168
    vntDefaultInputs(250, 27) = ""POTW""
    vntDefaultInputs(250, 28) = ""holding tank""
    vntDefaultInputs(250, 29) = ""manual transfer""
    vntDefaultInputs(250, 30) = ""non-hazardous""
    vntDefaultInputs(250, 31) = Empty
    vntDefaultInputs(250, 32) = 0
    vntDefaultInputs(250, 33) = Empty
    vntDefaultInputs(250, 34) = Empty
    vntDefaultInputs(250, 35) = ""fully automated""
    vntDefaultInputs(250, 36) = Empty
    vntDefaultInputs(250, 37) = Empty
    vntDefaultInputs(250, 38) = Empty
    vntDefaultInputs(250, 39) = Empty
    vntDefaultInputs(250, 40) = Empty
    vntDefaultInputs(250, 41) = Empty
    vntDefaultInputs(250, 42) = Empty
    vntDefaultInputs(250, 43) = Empty
    vntDefaultInputs(250, 44) = Empty
    vntDefaultInputs(250, 45) = Empty
    vntDefaultInputs(250, 46) = Empty
    vntDefaultInputs(251, 1) = 16
    vntDefaultInputs(251, 2) = 2
    vntDefaultInputs(251, 3) = 2
    vntDefaultInputs(251, 4) = 0.124
    vntDefaultInputs(251, 5) = ""MGD""
    vntDefaultInputs(251, 6) = 0.035
    vntDefaultInputs(251, 7) = ""MGD""
    vntDefaultInputs(251, 8) = ""regeneration off-site (non-hazardous)""
    vntDefaultInputs(251, 9) = ""carbon life value- bed volumes""
    vntDefaultInputs(251, 10) = 38200
    vntDefaultInputs(251, 11) = Empty
    vntDefaultInputs(251, 12) = Empty
    vntDefaultInputs(251, 13) = Empty
    vntDefaultInputs(251, 14) = ""EBCT""
    vntDefaultInputs(251, 15) = 7.5
    vntDefaultInputs(251, 16) = Empty
    vntDefaultInputs(251, 17) = Empty
    vntDefaultInputs(251, 18) = Empty
    vntDefaultInputs(251, 19) = Empty
    vntDefaultInputs(251, 20) = Empty
    vntDefaultInputs(251, 21) = Empty
    vntDefaultInputs(251, 22) = Empty
    vntDefaultInputs(251, 23) = 6
    vntDefaultInputs(251, 24) = 6
    vntDefaultInputs(251, 25) = 3
    vntDefaultInputs(251, 26) = 168
    vntDefaultInputs(251, 27) = ""POTW""
    vntDefaultInputs(251, 28) = ""holding tank""
    vntDefaultInputs(251, 29) = ""manual transfer""
    vntDefaultInputs(251, 30) = ""non-hazardous""
    vntDefaultInputs(251, 31) = Empty
    vntDefaultInputs(251, 32) = 0
    vntDefaultInputs(251, 33) = Empty
    vntDefaultInputs(251, 34) = Empty
    vntDefaultInputs(251, 35) = ""fully automated""
    vntDefaultInputs(251, 36) = Empty
    vntDefaultInputs(251, 37) = Empty
    vntDefaultInputs(251, 38) = Empty
    vntDefaultInputs(251, 39) = Empty
    vntDefaultInputs(251, 40) = Empty
    vntDefaultInputs(251, 41) = Empty
    vntDefaultInputs(251, 42) = Empty
    vntDefaultInputs(251, 43) = Empty
    vntDefaultInputs(251, 44) = Empty
    vntDefaultInputs(251, 45) = Empty
    vntDefaultInputs(251, 46) = Empty
    vntDefaultInputs(252, 1) = 16
    vntDefaultInputs(252, 2) = 2
    vntDefaultInputs(252, 3) = 3
    vntDefaultInputs(252, 4) = 0.305
    vntDefaultInputs(252, 5) = ""MGD""
    vntDefaultInputs(252, 6) = 0.094
    vntDefaultInputs(252, 7) = ""MGD""
    vntDefaultInputs(252, 8) = ""regeneration off-site (non-hazardous)""
    vntDefaultInputs(252, 9) = ""carbon life value- bed volumes""
    vntDefaultInputs(252, 10) = 38200
    vntDefaultInputs(252, 11) = Empty
    vntDefaultInputs(252, 12) = Empty
    vntDefaultInputs(252, 13) = Empty
    vntDefaultInputs(252, 14) = ""EBCT""
    vntDefaultInputs(252, 15) = 7.5
    vntDefaultInputs(252, 16) = Empty
    vntDefaultInputs(252, 17) = Empty
    vntDefaultInputs(252, 18) = Empty
    vntDefaultInputs(252, 19) = Empty
    vntDefaultInputs(252, 20) = Empty
    vntDefaultInputs(252, 21) = Empty
    vntDefaultInputs(252, 22) = Empty
    vntDefaultInputs(252, 23) = 6
    vntDefaultInputs(252, 24) = 6
    vntDefaultInputs(252, 25) = 3
    vntDefaultInputs(252, 26) = 168
    vntDefaultInputs(252, 27) = ""POTW""
    vntDefaultInputs(252, 28) = ""holding tank""
    vntDefaultInputs(252, 29) = ""manual transfer""
    vntDefaultInputs(252, 30) = ""non-hazardous""
    vntDefaultInputs(252, 31) = Empty
    vntDefaultInputs(252, 32) = 0
    vntDefaultInputs(252, 33) = Empty
    vntDefaultInputs(252, 34) = Empty
    vntDefaultInputs(252, 35) = ""fully automated""
    vntDefaultInputs(252, 36) = Empty
    vntDefaultInputs(252, 37) = Empty
    vntDefaultInputs(252, 38) = Empty
    vntDefaultInputs(252, 39) = Empty
    vntDefaultInputs(252, 40) = Empty
    vntDefaultInputs(252, 41) = Empty
    vntDefaultInputs(252, 42) = Empty
    vntDefaultInputs(252, 43) = Empty
    vntDefaultInputs(252, 44) = Empty
    vntDefaultInputs(252, 45) = Empty
    vntDefaultInputs(252, 46) = Empty
    vntDefaultInputs(253, 1) = 16
    vntDefaultInputs(253, 2) = 2
    vntDefaultInputs(253, 3) = 4
    vntDefaultInputs(253, 4) = 0.74
    vntDefaultInputs(253, 5) = ""MGD""
    vntDefaultInputs(253, 6) = 0.251
    vntDefaultInputs(253, 7) = ""MGD""
    vntDefaultInputs(253, 8) = ""regeneration off-site (non-hazardous)""
    vntDefaultInputs(253, 9) = ""carbon life value- bed volumes""
    vntDefaultInputs(253, 10) = 38200
    vntDefaultInputs(253, 11) = Empty
    vntDefaultInputs(253, 12) = Empty
    vntDefaultInputs(253, 13) = Empty
    vntDefaultInputs(253, 14) = ""EBCT""
    vntDefaultInputs(253, 15) = 7.5
    vntDefaultInputs(253, 16) = Empty
    vntDefaultInputs(253, 17) = Empty
    vntDefaultInputs(253, 18) = Empty
    vntDefaultInputs(253, 19) = Empty
    vntDefaultInputs(253, 20) = Empty
    vntDefaultInputs(253, 21) = Empty
    vntDefaultInputs(253, 22) = Empty
    vntDefaultInputs(253, 23) = 7
    vntDefaultInputs(253, 24) = 7
    vntDefaultInputs(253, 25) = 5.3
    vntDefaultInputs(253, 26) = 168
    vntDefaultInputs(253, 27) = ""POTW""
    vntDefaultInputs(253, 28) = ""holding tank""
    vntDefaultInputs(253, 29) = ""manual transfer""
    vntDefaultInputs(253, 30) = ""non-hazardous""
    vntDefaultInputs(253, 31) = Empty
    vntDefaultInputs(253, 32) = 0
    vntDefaultInputs(253, 33) = Empty
    vntDefaultInputs(253, 34) = Empty
    vntDefaultInputs(253, 35) = ""fully automated""
    vntDefaultInputs(253, 36) = Empty
    vntDefaultInputs(253, 37) = Empty
    vntDefaultInputs(253, 38) = Empty
    vntDefaultInputs(253, 39) = Empty
    vntDefaultInputs(253, 40) = Empty
    vntDefaultInputs(253, 41) = Empty
    vntDefaultInputs(253, 42) = Empty
    vntDefaultInputs(253, 43) = Empty
    vntDefaultInputs(253, 44) = Empty
    vntDefaultInputs(253, 45) = Empty
    vntDefaultInputs(253, 46) = Empty
    vntDefaultInputs(254, 1) = 16
    vntDefaultInputs(254, 2) = 2
    vntDefaultInputs(254, 3) = 5
    vntDefaultInputs(254, 4) = 2.152
    vntDefaultInputs(254, 5) = ""MGD""
    vntDefaultInputs(254, 6) = 0.819
    vntDefaultInputs(254, 7) = ""MGD""
    vntDefaultInputs(254, 8) = ""regeneration off-site (non-hazardous)""
    vntDefaultInputs(254, 9) = ""carbon life value- bed volumes""
    vntDefaultInputs(254, 10) = 38200
    vntDefaultInputs(254, 11) = Empty
    vntDefaultInputs(254, 12) = Empty
    vntDefaultInputs(254, 13) = Empty
    vntDefaultInputs(254, 14) = ""EBCT""
    vntDefaultInputs(254, 15) = 7.5
    vntDefaultInputs(254, 16) = Empty
    vntDefaultInputs(254, 17) = Empty
    vntDefaultInputs(254, 18) = Empty
    vntDefaultInputs(254, 19) = Empty
    vntDefaultInputs(254, 20) = Empty
    vntDefaultInputs(254, 21) = Empty
    vntDefaultInputs(254, 22) = Empty
    vntDefaultInputs(254, 23) = 8
    vntDefaultInputs(254, 24) = 8
    vntDefaultInputs(254, 25) = 7.9
    vntDefaultInputs(254, 26) = 168
    vntDefaultInputs(254, 27) = ""POTW""
    vntDefaultInputs(254, 28) = ""holding tank""
    vntDefaultInputs(254, 29) = ""manual transfer""
    vntDefaultInputs(254, 30) = ""non-hazardous""
    vntDefaultInputs(254, 31) = Empty
    vntDefaultInputs(254, 32) = 0
    vntDefaultInputs(254, 33) = Empty
    vntDefaultInputs(254, 34) = Empty
    vntDefaultInputs(254, 35) = ""fully automated""
    vntDefaultInputs(254, 36) = Empty
    vntDefaultInputs(254, 37) = Empty
    vntDefaultInputs(254, 38) = Empty
    vntDefaultInputs(254, 39) = Empty
    vntDefaultInputs(254, 40) = Empty
    vntDefaultInputs(254, 41) = Empty
    vntDefaultInputs(254, 42) = Empty
    vntDefaultInputs(254, 43) = Empty
    vntDefaultInputs(254, 44) = Empty
    vntDefaultInputs(254, 45) = Empty
    vntDefaultInputs(254, 46) = Empty
    vntDefaultInputs(255, 1) = 16
    vntDefaultInputs(255, 2) = 2
    vntDefaultInputs(255, 3) = 6
    vntDefaultInputs(255, 4) = 7.365
    vntDefaultInputs(255, 5) = ""MGD""
    vntDefaultInputs(255, 6) = 3.2
    vntDefaultInputs(255, 7) = ""MGD""
    vntDefaultInputs(255, 8) = ""regeneration off-site (non-hazardous)""
    vntDefaultInputs(255, 9) = ""carbon life value- bed volumes""
    vntDefaultInputs(255, 10) = 38200
    vntDefaultInputs(255, 11) = Empty
    vntDefaultInputs(255, 12) = Empty
    vntDefaultInputs(255, 13) = Empty
    vntDefaultInputs(255, 14) = ""EBCT""
    vntDefaultInputs(255, 15) = 7.5
    vntDefaultInputs(255, 16) = Empty
    vntDefaultInputs(255, 17) = Empty
    vntDefaultInputs(255, 18) = Empty
    vntDefaultInputs(255, 19) = Empty
    vntDefaultInputs(255, 20) = Empty
    vntDefaultInputs(255, 21) = Empty
    vntDefaultInputs(255, 22) = Empty
    vntDefaultInputs(255, 23) = 11.5
    vntDefaultInputs(255, 24) = 11.5
    vntDefaultInputs(255, 25) = 7.8
    vntDefaultInputs(255, 26) = 168
    vntDefaultInputs(255, 27) = ""POTW""
    vntDefaultInputs(255, 28) = ""holding tank""
    vntDefaultInputs(255, 29) = ""eductors""
    vntDefaultInputs(255, 30) = ""non-hazardous""
    vntDefaultInputs(255, 31) = Empty
    vntDefaultInputs(255, 32) = 0
    vntDefaultInputs(255, 33) = Empty
    vntDefaultInputs(255, 34) = Empty
    vntDefaultInputs(255, 35) = ""fully automated""
    vntDefaultInputs(255, 36) = Empty
    vntDefaultInputs(255, 37) = Empty
    vntDefaultInputs(255, 38) = Empty
    vntDefaultInputs(255, 39) = Empty
    vntDefaultInputs(255, 40) = Empty
    vntDefaultInputs(255, 41) = Empty
    vntDefaultInputs(255, 42) = Empty
    vntDefaultInputs(255, 43) = Empty
    vntDefaultInputs(255, 44) = Empty
    vntDefaultInputs(255, 45) = Empty
    vntDefaultInputs(255, 46) = Empty
    vntDefaultInputs(256, 1) = 16
    vntDefaultInputs(256, 2) = 2
    vntDefaultInputs(256, 3) = 7
    vntDefaultInputs(256, 4) = 22.614
    vntDefaultInputs(256, 5) = ""MGD""
    vntDefaultInputs(256, 6) = 11.066
    vntDefaultInputs(256, 7) = ""MGD""
    vntDefaultInputs(256, 8) = ""regeneration off-site (non-hazardous)""
    vntDefaultInputs(256, 9) = ""carbon life value- bed volumes""
    vntDefaultInputs(256, 10) = 38200
    vntDefaultInputs(256, 11) = Empty
    vntDefaultInputs(256, 12) = Empty
    vntDefaultInputs(256, 13) = Empty
    vntDefaultInputs(256, 14) = ""EBCT""
    vntDefaultInputs(256, 15) = 7.5
    vntDefaultInputs(256, 16) = Empty
    vntDefaultInputs(256, 17) = Empty
    vntDefaultInputs(256, 18) = Empty
    vntDefaultInputs(256, 19) = Empty
    vntDefaultInputs(256, 20) = Empty
    vntDefaultInputs(256, 21) = Empty
    vntDefaultInputs(256, 22) = Empty
    vntDefaultInputs(256, 23) = 15
    vntDefaultInputs(256, 24) = 15
    vntDefaultInputs(256, 25) = 7.8
    vntDefaultInputs(256, 26) = 168
    vntDefaultInputs(256, 27) = ""POTW""
    vntDefaultInputs(256, 28) = ""holding tank""
    vntDefaultInputs(256, 29) = ""eductors""
    vntDefaultInputs(256, 30) = ""non-hazardous""
    vntDefaultInputs(256, 31) = Empty
    vntDefaultInputs(256, 32) = 0
    vntDefaultInputs(256, 33) = Empty
    vntDefaultInputs(256, 34) = Empty
    vntDefaultInputs(256, 35) = ""fully automated""
    vntDefaultInputs(256, 36) = Empty
    vntDefaultInputs(256, 37) = Empty
    vntDefaultInputs(256, 38) = Empty
    vntDefaultInputs(256, 39) = Empty
    vntDefaultInputs(256, 40) = Empty
    vntDefaultInputs(256, 41) = Empty
    vntDefaultInputs(256, 42) = Empty
    vntDefaultInputs(256, 43) = Empty
    vntDefaultInputs(256, 44) = Empty
    vntDefaultInputs(256, 45) = Empty
    vntDefaultInputs(256, 46) = Empty
    vntDefaultInputs(257, 1) = 16
    vntDefaultInputs(257, 2) = 2
    vntDefaultInputs(257, 3) = 8
    vntDefaultInputs(257, 4) = 75.072
    vntDefaultInputs(257, 5) = ""MGD""
    vntDefaultInputs(257, 6) = 37.536
    vntDefaultInputs(257, 7) = ""MGD""
    vntDefaultInputs(257, 8) = ""regeneration off-site (non-hazardous)""
    vntDefaultInputs(257, 9) = ""carbon life value- bed volumes""
    vntDefaultInputs(257, 10) = 38200
    vntDefaultInputs(257, 11) = Empty
    vntDefaultInputs(257, 12) = Empty
    vntDefaultInputs(257, 13) = Empty
    vntDefaultInputs(257, 14) = ""EBCT""
    vntDefaultInputs(257, 15) = 7.5
    vntDefaultInputs(257, 16) = Empty
    vntDefaultInputs(257, 17) = Empty
    vntDefaultInputs(257, 18) = Empty
    vntDefaultInputs(257, 19) = Empty
    vntDefaultInputs(257, 20) = Empty
    vntDefaultInputs(257, 21) = Empty
    vntDefaultInputs(257, 22) = Empty
    vntDefaultInputs(257, 23) = 30
    vntDefaultInputs(257, 24) = 30
    vntDefaultInputs(257, 25) = 9.7
    vntDefaultInputs(257, 26) = 168
    vntDefaultInputs(257, 27) = ""POTW""
    vntDefaultInputs(257, 28) = ""holding tank""
    vntDefaultInputs(257, 29) = ""eductors""
    vntDefaultInputs(257, 30) = ""non-hazardous""
    vntDefaultInputs(257, 31) = Empty
    vntDefaultInputs(257, 32) = 0
    vntDefaultInputs(257, 33) = Empty
    vntDefaultInputs(257, 34) = Empty
    vntDefaultInputs(257, 35) = ""fully automated""
    vntDefaultInputs(257, 36) = Empty
    vntDefaultInputs(257, 37) = Empty
    vntDefaultInputs(257, 38) = Empty
    vntDefaultInputs(257, 39) = Empty
    vntDefaultInputs(257, 40) = Empty
    vntDefaultInputs(257, 41) = Empty
    vntDefaultInputs(257, 42) = Empty
    vntDefaultInputs(257, 43) = Empty
    vntDefaultInputs(257, 44) = Empty
    vntDefaultInputs(257, 45) = Empty
    vntDefaultInputs(257, 46) = Empty
    vntDefaultInputs(258, 1) = 17
    vntDefaultInputs(258, 2) = 1
    vntDefaultInputs(258, 3) = 1
    vntDefaultInputs(258, 4) = 0.03
    vntDefaultInputs(258, 5) = ""MGD""
    vntDefaultInputs(258, 6) = 0.007
    vntDefaultInputs(258, 7) = ""MGD""
    vntDefaultInputs(258, 8) = ""throwaway (non-hazardous)""
    vntDefaultInputs(258, 9) = ""carbon life value- months""
    vntDefaultInputs(258, 10) = 12
    vntDefaultInputs(258, 11) = Empty
    vntDefaultInputs(258, 12) = Empty
    vntDefaultInputs(258, 13) = Empty
    vntDefaultInputs(258, 14) = ""EBCT""
    vntDefaultInputs(258, 15) = 15
    vntDefaultInputs(258, 16) = Empty
    vntDefaultInputs(258, 17) = Empty
    vntDefaultInputs(258, 18) = 3
    vntDefaultInputs(258, 19) = 2.9
    vntDefaultInputs(258, 20) = ""upright""
    vntDefaultInputs(258, 21) = 5
    vntDefaultInputs(258, 22) = 2.5
    vntDefaultInputs(258, 23) = Empty
    vntDefaultInputs(258, 24) = Empty
    vntDefaultInputs(258, 25) = Empty
    vntDefaultInputs(258, 26) = 48
    vntDefaultInputs(258, 27) = ""POTW""
    vntDefaultInputs(258, 28) = ""no holding tank""
    vntDefaultInputs(258, 29) = ""manual transfer""
    vntDefaultInputs(258, 30) = Empty
    vntDefaultInputs(258, 31) = Empty
    vntDefaultInputs(258, 32) = Empty
    vntDefaultInputs(258, 33) = Empty
    vntDefaultInputs(258, 34) = Empty
    vntDefaultInputs(258, 35) = Empty
    vntDefaultInputs(258, 36) = Empty
    vntDefaultInputs(258, 37) = Empty
    vntDefaultInputs(258, 38) = Empty
    vntDefaultInputs(258, 39) = Empty
    vntDefaultInputs(258, 40) = Empty
    vntDefaultInputs(258, 41) = Empty
    vntDefaultInputs(258, 42) = Empty
    vntDefaultInputs(258, 43) = Empty
    vntDefaultInputs(258, 44) = Empty
    vntDefaultInputs(258, 45) = Empty
    vntDefaultInputs(258, 46) = Empty
    vntDefaultInputs(259, 1) = 17
    vntDefaultInputs(259, 2) = 1
    vntDefaultInputs(259, 3) = 2
    vntDefaultInputs(259, 4) = 0.124
    vntDefaultInputs(259, 5) = ""MGD""
    vntDefaultInputs(259, 6) = 0.035
    vntDefaultInputs(259, 7) = ""MGD""
    vntDefaultInputs(259, 8) = ""regeneration off-site (non-hazardous)""
    vntDefaultInputs(259, 9) = ""carbon life value- months""
    vntDefaultInputs(259, 10) = 12
    vntDefaultInputs(259, 11) = Empty
    vntDefaultInputs(259, 12) = Empty
    vntDefaultInputs(259, 13) = Empty
    vntDefaultInputs(259, 14) = ""EBCT""
    vntDefaultInputs(259, 15) = 15
    vntDefaultInputs(259, 16) = Empty
    vntDefaultInputs(259, 17) = Empty
    vntDefaultInputs(259, 18) = 3
    vntDefaultInputs(259, 19) = 6
    vntDefaultInputs(259, 20) = ""upright""
    vntDefaultInputs(259, 21) = 9.5
    vntDefaultInputs(259, 22) = 3.5
    vntDefaultInputs(259, 23) = Empty
    vntDefaultInputs(259, 24) = Empty
    vntDefaultInputs(259, 25) = Empty
    vntDefaultInputs(259, 26) = 48
    vntDefaultInputs(259, 27) = ""POTW""
    vntDefaultInputs(259, 28) = ""Holding tank""
    vntDefaultInputs(259, 29) = ""manual transfer""
    vntDefaultInputs(259, 30) = ""non-hazardous""
    vntDefaultInputs(259, 31) = Empty
    vntDefaultInputs(259, 32) = Empty
    vntDefaultInputs(259, 33) = Empty
    vntDefaultInputs(259, 34) = Empty
    vntDefaultInputs(259, 35) = Empty
    vntDefaultInputs(259, 36) = Empty
    vntDefaultInputs(259, 37) = Empty
    vntDefaultInputs(259, 38) = Empty
    vntDefaultInputs(259, 39) = Empty
    vntDefaultInputs(259, 40) = Empty
    vntDefaultInputs(259, 41) = Empty
    vntDefaultInputs(259, 42) = Empty
    vntDefaultInputs(259, 43) = Empty
    vntDefaultInputs(259, 44) = Empty
    vntDefaultInputs(259, 45) = Empty
    vntDefaultInputs(259, 46) = Empty
    vntDefaultInputs(260, 1) = 17
    vntDefaultInputs(260, 2) = 1
    vntDefaultInputs(260, 3) = 3
    vntDefaultInputs(260, 4) = 0.305
    vntDefaultInputs(260, 5) = ""MGD""
    vntDefaultInputs(260, 6) = 0.094
    vntDefaultInputs(260, 7) = ""MGD""
    vntDefaultInputs(260, 8) = ""regeneration off-site (non-hazardous)""
    vntDefaultInputs(260, 9) = ""carbon life value- months""
    vntDefaultInputs(260, 10) = 12
    vntDefaultInputs(260, 11) = Empty
    vntDefaultInputs(260, 12) = Empty
    vntDefaultInputs(260, 13) = Empty
    vntDefaultInputs(260, 14) = ""EBCT""
    vntDefaultInputs(260, 15) = 15
    vntDefaultInputs(260, 16) = Empty
    vntDefaultInputs(260, 17) = Empty
    vntDefaultInputs(260, 18) = 3
    vntDefaultInputs(260, 19) = 6
    vntDefaultInputs(260, 20) = ""upright""
    vntDefaultInputs(260, 21) = 9.5
    vntDefaultInputs(260, 22) = 5.5
    vntDefaultInputs(260, 23) = Empty
    vntDefaultInputs(260, 24) = Empty
    vntDefaultInputs(260, 25) = Empty
    vntDefaultInputs(260, 26) = 48
    vntDefaultInputs(260, 27) = ""POTW""
    vntDefaultInputs(260, 28) = ""Holding tank""
    vntDefaultInputs(260, 29) = ""eductors""
    vntDefaultInputs(260, 30) = ""non-hazardous""
    vntDefaultInputs(260, 31) = Empty
    vntDefaultInputs(260, 32) = Empty
    vntDefaultInputs(260, 33) = Empty
    vntDefaultInputs(260, 34) = Empty
    vntDefaultInputs(260, 35) = Empty
    vntDefaultInputs(260, 36) = Empty
    vntDefaultInputs(260, 37) = Empty
    vntDefaultInputs(260, 38) = Empty
    vntDefaultInputs(260, 39) = Empty
    vntDefaultInputs(260, 40) = Empty
    vntDefaultInputs(260, 41) = Empty
    vntDefaultInputs(260, 42) = Empty
    vntDefaultInputs(260, 43) = Empty
    vntDefaultInputs(260, 44) = Empty
    vntDefaultInputs(260, 45) = Empty
    vntDefaultInputs(260, 46) = Empty
    vntDefaultInputs(261, 1) = 17
    vntDefaultInputs(261, 2) = 1
    vntDefaultInputs(261, 3) = 4
    vntDefaultInputs(261, 4) = 0.74
    vntDefaultInputs(261, 5) = ""MGD""
    vntDefaultInputs(261, 6) = 0.251
    vntDefaultInputs(261, 7) = ""MGD""
    vntDefaultInputs(261, 8) = ""regeneration off-site (non-hazardous)""
    vntDefaultInputs(261, 9) = ""carbon life value- months""
    vntDefaultInputs(261, 10) = 12
    vntDefaultInputs(261, 11) = Empty
    vntDefaultInputs(261, 12) = Empty
    vntDefaultInputs(261, 13) = Empty
    vntDefaultInputs(261, 14) = ""EBCT""
    vntDefaultInputs(261, 15) = 15
    vntDefaultInputs(261, 16) = Empty
    vntDefaultInputs(261, 17) = Empty
    vntDefaultInputs(261, 18) = 3
    vntDefaultInputs(261, 19) = 6.1
    vntDefaultInputs(261, 20) = ""upright""
    vntDefaultInputs(261, 21) = 10
    vntDefaultInputs(261, 22) = 8.5
    vntDefaultInputs(261, 23) = Empty
    vntDefaultInputs(261, 24) = Empty
    vntDefaultInputs(261, 25) = Empty
    vntDefaultInputs(261, 26) = 48
    vntDefaultInputs(261, 27) = ""POTW""
    vntDefaultInputs(261, 28) = ""Holding tank""
    vntDefaultInputs(261, 29) = ""eductors""
    vntDefaultInputs(261, 30) = ""non-hazardous""
    vntDefaultInputs(261, 31) = Empty
    vntDefaultInputs(261, 32) = Empty
    vntDefaultInputs(261, 33) = Empty
    vntDefaultInputs(261, 34) = Empty
    vntDefaultInputs(261, 35) = Empty
    vntDefaultInputs(261, 36) = Empty
    vntDefaultInputs(261, 37) = Empty
    vntDefaultInputs(261, 38) = Empty
    vntDefaultInputs(261, 39) = Empty
    vntDefaultInputs(261, 40) = Empty
    vntDefaultInputs(261, 41) = Empty
    vntDefaultInputs(261, 42) = Empty
    vntDefaultInputs(261, 43) = Empty
    vntDefaultInputs(261, 44) = Empty
    vntDefaultInputs(261, 45) = Empty
    vntDefaultInputs(261, 46) = Empty
    vntDefaultInputs(262, 1) = 17
    vntDefaultInputs(262, 2) = 1
    vntDefaultInputs(262, 3) = 5
    vntDefaultInputs(262, 4) = 2.152
    vntDefaultInputs(262, 5) = ""MGD""
    vntDefaultInputs(262, 6) = 0.819
    vntDefaultInputs(262, 7) = ""MGD""
    vntDefaultInputs(262, 8) = ""regeneration off-site (non-hazardous)""
    vntDefaultInputs(262, 9) = ""carbon life value- months""
    vntDefaultInputs(262, 10) = 12
    vntDefaultInputs(262, 11) = Empty
    vntDefaultInputs(262, 12) = Empty
    vntDefaultInputs(262, 13) = Empty
    vntDefaultInputs(262, 14) = ""EBCT""
    vntDefaultInputs(262, 15) = 15
    vntDefaultInputs(262, 16) = Empty
    vntDefaultInputs(262, 17) = Empty
    vntDefaultInputs(262, 18) = 3
    vntDefaultInputs(262, 19) = 6.5
    vntDefaultInputs(262, 20) = ""upright""
    vntDefaultInputs(262, 21) = 10.5
    vntDefaultInputs(262, 22) = 14
    vntDefaultInputs(262, 23) = Empty
    vntDefaultInputs(262, 24) = Empty
    vntDefaultInputs(262, 25) = Empty
    vntDefaultInputs(262, 26) = 48
    vntDefaultInputs(262, 27) = ""POTW""
    vntDefaultInputs(262, 28) = ""Holding tank""
    vntDefaultInputs(262, 29) = ""eductors""
    vntDefaultInputs(262, 30) = ""non-hazardous""
    vntDefaultInputs(262, 31) = Empty
    vntDefaultInputs(262, 32) = Empty
    vntDefaultInputs(262, 33) = Empty
    vntDefaultInputs(262, 34) = Empty
    vntDefaultInputs(262, 35) = Empty
    vntDefaultInputs(262, 36) = Empty
    vntDefaultInputs(262, 37) = Empty
    vntDefaultInputs(262, 38) = Empty
    vntDefaultInputs(262, 39) = Empty
    vntDefaultInputs(262, 40) = Empty
    vntDefaultInputs(262, 41) = Empty
    vntDefaultInputs(262, 42) = Empty
    vntDefaultInputs(262, 43) = Empty
    vntDefaultInputs(262, 44) = Empty
    vntDefaultInputs(262, 45) = Empty
    vntDefaultInputs(262, 46) = Empty
    vntDefaultInputs(263, 1) = 17
    vntDefaultInputs(263, 2) = 1
    vntDefaultInputs(263, 3) = 6
    vntDefaultInputs(263, 4) = 7.365
    vntDefaultInputs(263, 5) = ""MGD""
    vntDefaultInputs(263, 6) = 3.2
    vntDefaultInputs(263, 7) = ""MGD""
    vntDefaultInputs(263, 8) = ""regeneration off-site (non-hazardous)""
    vntDefaultInputs(263, 9) = ""carbon life value- months""
    vntDefaultInputs(263, 10) = 12
    vntDefaultInputs(263, 11) = Empty
    vntDefaultInputs(263, 12) = Empty
    vntDefaultInputs(263, 13) = Empty
    vntDefaultInputs(263, 14) = ""EBCT""
    vntDefaultInputs(263, 15) = 15
    vntDefaultInputs(263, 16) = Empty
    vntDefaultInputs(263, 17) = Empty
    vntDefaultInputs(263, 18) = 3
    vntDefaultInputs(263, 19) = 6.5
    vntDefaultInputs(263, 20) = ""upright""
    vntDefaultInputs(263, 21) = 10.5
    vntDefaultInputs(263, 22) = 13
    vntDefaultInputs(263, 23) = Empty
    vntDefaultInputs(263, 24) = Empty
    vntDefaultInputs(263, 25) = Empty
    vntDefaultInputs(263, 26) = 48
    vntDefaultInputs(263, 27) = ""POTW""
    vntDefaultInputs(263, 28) = ""Holding tank""
    vntDefaultInputs(263, 29) = ""eductors""
    vntDefaultInputs(263, 30) = ""non-hazardous""
    vntDefaultInputs(263, 31) = Empty
    vntDefaultInputs(263, 32) = Empty
    vntDefaultInputs(263, 33) = Empty
    vntDefaultInputs(263, 34) = Empty
    vntDefaultInputs(263, 35) = Empty
    vntDefaultInputs(263, 36) = Empty
    vntDefaultInputs(263, 37) = Empty
    vntDefaultInputs(263, 38) = Empty
    vntDefaultInputs(263, 39) = Empty
    vntDefaultInputs(263, 40) = Empty
    vntDefaultInputs(263, 41) = Empty
    vntDefaultInputs(263, 42) = Empty
    vntDefaultInputs(263, 43) = Empty
    vntDefaultInputs(263, 44) = Empty
    vntDefaultInputs(263, 45) = Empty
    vntDefaultInputs(263, 46) = Empty
    vntDefaultInputs(264, 1) = 17
    vntDefaultInputs(264, 2) = 1
    vntDefaultInputs(264, 3) = 7
    vntDefaultInputs(264, 4) = 22.614
    vntDefaultInputs(264, 5) = ""MGD""
    vntDefaultInputs(264, 6) = 11.066
    vntDefaultInputs(264, 7) = ""MGD""
    vntDefaultInputs(264, 8) = ""regeneration off-site (non-hazardous)""
    vntDefaultInputs(264, 9) = ""carbon life value- months""
    vntDefaultInputs(264, 10) = 12
    vntDefaultInputs(264, 11) = Empty
    vntDefaultInputs(264, 12) = Empty
    vntDefaultInputs(264, 13) = Empty
    vntDefaultInputs(264, 14) = ""EBCT""
    vntDefaultInputs(264, 15) = 15
    vntDefaultInputs(264, 16) = Empty
    vntDefaultInputs(264, 17) = Empty
    vntDefaultInputs(264, 18) = 3
    vntDefaultInputs(264, 19) = 6.7
    vntDefaultInputs(264, 20) = ""upright""
    vntDefaultInputs(264, 21) = 11
    vntDefaultInputs(264, 22) = 13.5
    vntDefaultInputs(264, 23) = Empty
    vntDefaultInputs(264, 24) = Empty
    vntDefaultInputs(264, 25) = Empty
    vntDefaultInputs(264, 26) = 48
    vntDefaultInputs(264, 27) = ""POTW""
    vntDefaultInputs(264, 28) = ""Holding tank""
    vntDefaultInputs(264, 29) = ""eductors""
    vntDefaultInputs(264, 30) = ""non-hazardous""
    vntDefaultInputs(264, 31) = Empty
    vntDefaultInputs(264, 32) = Empty
    vntDefaultInputs(264, 33) = Empty
    vntDefaultInputs(264, 34) = Empty
    vntDefaultInputs(264, 35) = Empty
    vntDefaultInputs(264, 36) = Empty
    vntDefaultInputs(264, 37) = Empty
    vntDefaultInputs(264, 38) = Empty
    vntDefaultInputs(264, 39) = Empty
    vntDefaultInputs(264, 40) = Empty
    vntDefaultInputs(264, 41) = Empty
    vntDefaultInputs(264, 42) = Empty
    vntDefaultInputs(264, 43) = Empty
    vntDefaultInputs(264, 44) = Empty
    vntDefaultInputs(264, 45) = Empty
    vntDefaultInputs(264, 46) = Empty
    vntDefaultInputs(265, 1) = 17
    vntDefaultInputs(265, 2) = 1
    vntDefaultInputs(265, 3) = 8
    vntDefaultInputs(265, 4) = 75.072
    vntDefaultInputs(265, 5) = ""MGD""
    vntDefaultInputs(265, 6) = 37.536
    vntDefaultInputs(265, 7) = ""MGD""
    vntDefaultInputs(265, 8) = ""regeneration off-site (non-hazardous)""
    vntDefaultInputs(265, 9) = ""carbon life value- months""
    vntDefaultInputs(265, 10) = 12
    vntDefaultInputs(265, 11) = Empty
    vntDefaultInputs(265, 12) = Empty
    vntDefaultInputs(265, 13) = Empty
    vntDefaultInputs(265, 14) = ""EBCT""
    vntDefaultInputs(265, 15) = 15
    vntDefaultInputs(265, 16) = Empty
    vntDefaultInputs(265, 17) = Empty
    vntDefaultInputs(265, 18) = 3
    vntDefaultInputs(265, 19) = 6.6
    vntDefaultInputs(265, 20) = ""horizontal""
    vntDefaultInputs(265, 21) = 21
    vntDefaultInputs(265, 22) = 14
    vntDefaultInputs(265, 23) = Empty
    vntDefaultInputs(265, 24) = Empty
    vntDefaultInputs(265, 25) = Empty
    vntDefaultInputs(265, 26) = 48
    vntDefaultInputs(265, 27) = ""POTW""
    vntDefaultInputs(265, 28) = ""Holding tank""
    vntDefaultInputs(265, 29) = ""eductors""
    vntDefaultInputs(265, 30) = ""non-hazardous""
    vntDefaultInputs(265, 31) = Empty
    vntDefaultInputs(265, 32) = Empty
    vntDefaultInputs(265, 33) = Empty
    vntDefaultInputs(265, 34) = Empty
    vntDefaultInputs(265, 35) = Empty
    vntDefaultInputs(265, 36) = Empty
    vntDefaultInputs(265, 37) = Empty
    vntDefaultInputs(265, 38) = Empty
    vntDefaultInputs(265, 39) = Empty
    vntDefaultInputs(265, 40) = Empty
    vntDefaultInputs(265, 41) = Empty
    vntDefaultInputs(265, 42) = Empty
    vntDefaultInputs(265, 43) = Empty
    vntDefaultInputs(265, 44) = Empty
    vntDefaultInputs(265, 45) = Empty
    vntDefaultInputs(265, 46) = Empty
    vntDefaultInputs(266, 1) = 17
    vntDefaultInputs(266, 2) = 2
    vntDefaultInputs(266, 3) = 1
    vntDefaultInputs(266, 4) = 0.03
    vntDefaultInputs(266, 5) = ""MGD""
    vntDefaultInputs(266, 6) = 0.007
    vntDefaultInputs(266, 7) = ""MGD""
    vntDefaultInputs(266, 8) = ""throwaway (non-hazardous)""
    vntDefaultInputs(266, 9) = ""carbon life value- months""
    vntDefaultInputs(266, 10) = 12
    vntDefaultInputs(266, 11) = Empty
    vntDefaultInputs(266, 12) = Empty
    vntDefaultInputs(266, 13) = Empty
    vntDefaultInputs(266, 14) = ""EBCT""
    vntDefaultInputs(266, 15) = 15
    vntDefaultInputs(266, 16) = Empty
    vntDefaultInputs(266, 17) = Empty
    vntDefaultInputs(266, 18) = Empty
    vntDefaultInputs(266, 19) = Empty
    vntDefaultInputs(266, 20) = Empty
    vntDefaultInputs(266, 21) = Empty
    vntDefaultInputs(266, 22) = Empty
    vntDefaultInputs(266, 23) = 6
    vntDefaultInputs(266, 24) = 6
    vntDefaultInputs(266, 25) = 3
    vntDefaultInputs(266, 26) = 48
    vntDefaultInputs(266, 27) = ""POTW""
    vntDefaultInputs(266, 28) = ""holding tank""
    vntDefaultInputs(266, 29) = ""manual transfer""
    vntDefaultInputs(266, 30) = ""non-hazardous""
    vntDefaultInputs(266, 31) = Empty
    vntDefaultInputs(266, 32) = Empty
    vntDefaultInputs(266, 33) = Empty
    vntDefaultInputs(266, 34) = Empty
    vntDefaultInputs(266, 35) = Empty
    vntDefaultInputs(266, 36) = Empty
    vntDefaultInputs(266, 37) = Empty
    vntDefaultInputs(266, 38) = Empty
    vntDefaultInputs(266, 39) = Empty
    vntDefaultInputs(266, 40) = Empty
    vntDefaultInputs(266, 41) = Empty
    vntDefaultInputs(266, 42) = Empty
    vntDefaultInputs(266, 43) = Empty
    vntDefaultInputs(266, 44) = Empty
    vntDefaultInputs(266, 45) = Empty
    vntDefaultInputs(266, 46) = Empty
    vntDefaultInputs(267, 1) = 17
    vntDefaultInputs(267, 2) = 2
    vntDefaultInputs(267, 3) = 2
    vntDefaultInputs(267, 4) = 0.124
    vntDefaultInputs(267, 5) = ""MGD""
    vntDefaultInputs(267, 6) = 0.035
    vntDefaultInputs(267, 7) = ""MGD""
    vntDefaultInputs(267, 8) = ""regeneration off-site (non-hazardous)""
    vntDefaultInputs(267, 9) = ""carbon life value- months""
    vntDefaultInputs(267, 10) = 12
    vntDefaultInputs(267, 11) = Empty
    vntDefaultInputs(267, 12) = Empty
    vntDefaultInputs(267, 13) = Empty
    vntDefaultInputs(267, 14) = ""EBCT""
    vntDefaultInputs(267, 15) = 15
    vntDefaultInputs(267, 16) = Empty
    vntDefaultInputs(267, 17) = Empty
    vntDefaultInputs(267, 18) = Empty
    vntDefaultInputs(267, 19) = Empty
    vntDefaultInputs(267, 20) = Empty
    vntDefaultInputs(267, 21) = Empty
    vntDefaultInputs(267, 22) = Empty
    vntDefaultInputs(267, 23) = 6
    vntDefaultInputs(267, 24) = 6
    vntDefaultInputs(267, 25) = 4.8
    vntDefaultInputs(267, 26) = 48
    vntDefaultInputs(267, 27) = ""POTW""
    vntDefaultInputs(267, 28) = ""holding tank""
    vntDefaultInputs(267, 29) = ""manual transfer""
    vntDefaultInputs(267, 30) = ""non-hazardous""
    vntDefaultInputs(267, 31) = Empty
    vntDefaultInputs(267, 32) = Empty
    vntDefaultInputs(267, 33) = Empty
    vntDefaultInputs(267, 34) = Empty
    vntDefaultInputs(267, 35) = Empty
    vntDefaultInputs(267, 36) = Empty
    vntDefaultInputs(267, 37) = Empty
    vntDefaultInputs(267, 38) = Empty
    vntDefaultInputs(267, 39) = Empty
    vntDefaultInputs(267, 40) = Empty
    vntDefaultInputs(267, 41) = Empty
    vntDefaultInputs(267, 42) = Empty
    vntDefaultInputs(267, 43) = Empty
    vntDefaultInputs(267, 44) = Empty
    vntDefaultInputs(267, 45) = Empty
    vntDefaultInputs(267, 46) = Empty
    vntDefaultInputs(268, 1) = 17
    vntDefaultInputs(268, 2) = 2
    vntDefaultInputs(268, 3) = 3
    vntDefaultInputs(268, 4) = 0.305
    vntDefaultInputs(268, 5) = ""MGD""
    vntDefaultInputs(268, 6) = 0.094
    vntDefaultInputs(268, 7) = ""MGD""
    vntDefaultInputs(268, 8) = ""regeneration off-site (non-hazardous)""
    vntDefaultInputs(268, 9) = ""carbon life value- months""
    vntDefaultInputs(268, 10) = 12
    vntDefaultInputs(268, 11) = Empty
    vntDefaultInputs(268, 12) = Empty
    vntDefaultInputs(268, 13) = Empty
    vntDefaultInputs(268, 14) = ""EBCT""
    vntDefaultInputs(268, 15) = 15
    vntDefaultInputs(268, 16) = Empty
    vntDefaultInputs(268, 17) = Empty
    vntDefaultInputs(268, 18) = Empty
    vntDefaultInputs(268, 19) = Empty
    vntDefaultInputs(268, 20) = Empty
    vntDefaultInputs(268, 21) = Empty
    vntDefaultInputs(268, 22) = Empty
    vntDefaultInputs(268, 23) = 6
    vntDefaultInputs(268, 24) = 6
    vntDefaultInputs(268, 25) = 5.9
    vntDefaultInputs(268, 26) = 48
    vntDefaultInputs(268, 27) = ""POTW""
    vntDefaultInputs(268, 28) = ""holding tank""
    vntDefaultInputs(268, 29) = ""eductors""
    vntDefaultInputs(268, 30) = ""non-hazardous""
    vntDefaultInputs(268, 31) = Empty
    vntDefaultInputs(268, 32) = Empty
    vntDefaultInputs(268, 33) = Empty
    vntDefaultInputs(268, 34) = Empty
    vntDefaultInputs(268, 35) = Empty
    vntDefaultInputs(268, 36) = Empty
    vntDefaultInputs(268, 37) = Empty
    vntDefaultInputs(268, 38) = Empty
    vntDefaultInputs(268, 39) = Empty
    vntDefaultInputs(268, 40) = Empty
    vntDefaultInputs(268, 41) = Empty
    vntDefaultInputs(268, 42) = Empty
    vntDefaultInputs(268, 43) = Empty
    vntDefaultInputs(268, 44) = Empty
    vntDefaultInputs(268, 45) = Empty
    vntDefaultInputs(268, 46) = Empty
    vntDefaultInputs(269, 1) = 17
    vntDefaultInputs(269, 2) = 2
    vntDefaultInputs(269, 3) = 4
    vntDefaultInputs(269, 4) = 0.74
    vntDefaultInputs(269, 5) = ""MGD""
    vntDefaultInputs(269, 6) = 0.251
    vntDefaultInputs(269, 7) = ""MGD""
    vntDefaultInputs(269, 8) = ""regeneration off-site (non-hazardous)""
    vntDefaultInputs(269, 9) = ""carbon life value- months""
    vntDefaultInputs(269, 10) = 12
    vntDefaultInputs(269, 11) = Empty
    vntDefaultInputs(269, 12) = Empty
    vntDefaultInputs(269, 13) = Empty
    vntDefaultInputs(269, 14) = ""EBCT""
    vntDefaultInputs(269, 15) = 15
    vntDefaultInputs(269, 16) = Empty
    vntDefaultInputs(269, 17) = Empty
    vntDefaultInputs(269, 18) = Empty
    vntDefaultInputs(269, 19) = Empty
    vntDefaultInputs(269, 20) = Empty
    vntDefaultInputs(269, 21) = Empty
    vntDefaultInputs(269, 22) = Empty
    vntDefaultInputs(269, 23) = 9.5
    vntDefaultInputs(269, 24) = 9.5
    vntDefaultInputs(269, 25) = 5.8
    vntDefaultInputs(269, 26) = 48
    vntDefaultInputs(269, 27) = ""POTW""
    vntDefaultInputs(269, 28) = ""holding tank""
    vntDefaultInputs(269, 29) = ""eductors""
    vntDefaultInputs(269, 30) = ""non-hazardous""
    vntDefaultInputs(269, 31) = Empty
    vntDefaultInputs(269, 32) = Empty
    vntDefaultInputs(269, 33) = Empty
    vntDefaultInputs(269, 34) = Empty
    vntDefaultInputs(269, 35) = Empty
    vntDefaultInputs(269, 36) = Empty
    vntDefaultInputs(269, 37) = Empty
    vntDefaultInputs(269, 38) = Empty
    vntDefaultInputs(269, 39) = Empty
    vntDefaultInputs(269, 40) = Empty
    vntDefaultInputs(269, 41) = Empty
    vntDefaultInputs(269, 42) = Empty
    vntDefaultInputs(269, 43) = Empty
    vntDefaultInputs(269, 44) = Empty
    vntDefaultInputs(269, 45) = Empty
    vntDefaultInputs(269, 46) = Empty
    vntDefaultInputs(270, 1) = 17
    vntDefaultInputs(270, 2) = 2
    vntDefaultInputs(270, 3) = 5
    vntDefaultInputs(270, 4) = 2.152
    vntDefaultInputs(270, 5) = ""MGD""
    vntDefaultInputs(270, 6) = 0.819
    vntDefaultInputs(270, 7) = ""MGD""
    vntDefaultInputs(270, 8) = ""regeneration off-site (non-hazardous)""
    vntDefaultInputs(270, 9) = ""carbon life value- months""
    vntDefaultInputs(270, 10) = 12
    vntDefaultInputs(270, 11) = Empty
    vntDefaultInputs(270, 12) = Empty
    vntDefaultInputs(270, 13) = Empty
    vntDefaultInputs(270, 14) = ""EBCT""
    vntDefaultInputs(270, 15) = 15
    vntDefaultInputs(270, 16) = Empty
    vntDefaultInputs(270, 17) = Empty
    vntDefaultInputs(270, 18) = Empty
    vntDefaultInputs(270, 19) = Empty
    vntDefaultInputs(270, 20) = Empty
    vntDefaultInputs(270, 21) = Empty
    vntDefaultInputs(270, 22) = Empty
    vntDefaultInputs(270, 23) = 11.5
    vntDefaultInputs(270, 24) = 11.5
    vntDefaultInputs(270, 25) = 7.6
    vntDefaultInputs(270, 26) = 48
    vntDefaultInputs(270, 27) = ""POTW""
    vntDefaultInputs(270, 28) = ""holding tank""
    vntDefaultInputs(270, 29) = ""eductors""
    vntDefaultInputs(270, 30) = ""non-hazardous""
    vntDefaultInputs(270, 31) = Empty
    vntDefaultInputs(270, 32) = Empty
    vntDefaultInputs(270, 33) = Empty
    vntDefaultInputs(270, 34) = Empty
    vntDefaultInputs(270, 35) = Empty
    vntDefaultInputs(270, 36) = Empty
    vntDefaultInputs(270, 37) = Empty
    vntDefaultInputs(270, 38) = Empty
    vntDefaultInputs(270, 39) = Empty
    vntDefaultInputs(270, 40) = Empty
    vntDefaultInputs(270, 41) = Empty
    vntDefaultInputs(270, 42) = Empty
    vntDefaultInputs(270, 43) = Empty
    vntDefaultInputs(270, 44) = Empty
    vntDefaultInputs(270, 45) = Empty
    vntDefaultInputs(270, 46) = Empty
    vntDefaultInputs(271, 1) = 17
    vntDefaultInputs(271, 2) = 2
    vntDefaultInputs(271, 3) = 6
    vntDefaultInputs(271, 4) = 7.365
    vntDefaultInputs(271, 5) = ""MGD""
    vntDefaultInputs(271, 6) = 3.2
    vntDefaultInputs(271, 7) = ""MGD""
    vntDefaultInputs(271, 8) = ""regeneration off-site (non-hazardous)""
    vntDefaultInputs(271, 9) = ""carbon life value- months""
    vntDefaultInputs(271, 10) = 12
    vntDefaultInputs(271, 11) = Empty
    vntDefaultInputs(271, 12) = Empty
    vntDefaultInputs(271, 13) = Empty
    vntDefaultInputs(271, 14) = ""EBCT""
    vntDefaultInputs(271, 15) = 15
    vntDefaultInputs(271, 16) = Empty
    vntDefaultInputs(271, 17) = Empty
    vntDefaultInputs(271, 18) = Empty
    vntDefaultInputs(271, 19) = Empty
    vntDefaultInputs(271, 20) = Empty
    vntDefaultInputs(271, 21) = Empty
    vntDefaultInputs(271, 22) = Empty
    vntDefaultInputs(271, 23) = 18
    vntDefaultInputs(271, 24) = 18
    vntDefaultInputs(271, 25) = 8
    vntDefaultInputs(271, 26) = 48
    vntDefaultInputs(271, 27) = ""POTW""
    vntDefaultInputs(271, 28) = ""holding tank""
    vntDefaultInputs(271, 29) = ""eductors""
    vntDefaultInputs(271, 30) = ""non-hazardous""
    vntDefaultInputs(271, 31) = Empty
    vntDefaultInputs(271, 32) = Empty
    vntDefaultInputs(271, 33) = Empty
    vntDefaultInputs(271, 34) = Empty
    vntDefaultInputs(271, 35) = Empty
    vntDefaultInputs(271, 36) = Empty
    vntDefaultInputs(271, 37) = Empty
    vntDefaultInputs(271, 38) = Empty
    vntDefaultInputs(271, 39) = Empty
    vntDefaultInputs(271, 40) = Empty
    vntDefaultInputs(271, 41) = Empty
    vntDefaultInputs(271, 42) = Empty
    vntDefaultInputs(271, 43) = Empty
    vntDefaultInputs(271, 44) = Empty
    vntDefaultInputs(271, 45) = Empty
    vntDefaultInputs(271, 46) = Empty
    vntDefaultInputs(272, 1) = 17
    vntDefaultInputs(272, 2) = 2
    vntDefaultInputs(272, 3) = 7
    vntDefaultInputs(272, 4) = 22.614
    vntDefaultInputs(272, 5) = ""MGD""
    vntDefaultInputs(272, 6) = 11.066
    vntDefaultInputs(272, 7) = ""MGD""
    vntDefaultInputs(272, 8) = ""regeneration off-site (non-hazardous)""
    vntDefaultInputs(272, 9) = ""carbon life value- months""
    vntDefaultInputs(272, 10) = 12
    vntDefaultInputs(272, 11) = Empty
    vntDefaultInputs(272, 12) = Empty
    vntDefaultInputs(272, 13) = Empty
    vntDefaultInputs(272, 14) = ""EBCT""
    vntDefaultInputs(272, 15) = 15
    vntDefaultInputs(272, 16) = Empty
    vntDefaultInputs(272, 17) = Empty
    vntDefaultInputs(272, 18) = Empty
    vntDefaultInputs(272, 19) = Empty
    vntDefaultInputs(272, 20) = Empty
    vntDefaultInputs(272, 21) = Empty
    vntDefaultInputs(272, 22) = Empty
    vntDefaultInputs(272, 23) = 20
    vntDefaultInputs(272, 24) = 20
    vntDefaultInputs(272, 25) = 7.9
    vntDefaultInputs(272, 26) = 48
    vntDefaultInputs(272, 27) = ""POTW""
    vntDefaultInputs(272, 28) = ""holding tank""
    vntDefaultInputs(272, 29) = ""eductors""
    vntDefaultInputs(272, 30) = ""non-hazardous""
    vntDefaultInputs(272, 31) = Empty
    vntDefaultInputs(272, 32) = Empty
    vntDefaultInputs(272, 33) = Empty
    vntDefaultInputs(272, 34) = Empty
    vntDefaultInputs(272, 35) = Empty
    vntDefaultInputs(272, 36) = Empty
    vntDefaultInputs(272, 37) = Empty
    vntDefaultInputs(272, 38) = Empty
    vntDefaultInputs(272, 39) = Empty
    vntDefaultInputs(272, 40) = Empty
    vntDefaultInputs(272, 41) = Empty
    vntDefaultInputs(272, 42) = Empty
    vntDefaultInputs(272, 43) = Empty
    vntDefaultInputs(272, 44) = Empty
    vntDefaultInputs(272, 45) = Empty
    vntDefaultInputs(272, 46) = Empty
    vntDefaultInputs(273, 1) = 17
    vntDefaultInputs(273, 2) = 2
    vntDefaultInputs(273, 3) = 8
    vntDefaultInputs(273, 4) = 75.072
    vntDefaultInputs(273, 5) = ""MGD""
    vntDefaultInputs(273, 6) = 37.536
    vntDefaultInputs(273, 7) = ""MGD""
    vntDefaultInputs(273, 8) = ""regeneration off-site (non-hazardous)""
    vntDefaultInputs(273, 9) = ""carbon life value- months""
    vntDefaultInputs(273, 10) = 12
    vntDefaultInputs(273, 11) = Empty
    vntDefaultInputs(273, 12) = Empty
    vntDefaultInputs(273, 13) = Empty
    vntDefaultInputs(273, 14) = ""EBCT""
    vntDefaultInputs(273, 15) = 15
    vntDefaultInputs(273, 16) = Empty
    vntDefaultInputs(273, 17) = Empty
    vntDefaultInputs(273, 18) = Empty
    vntDefaultInputs(273, 19) = Empty
    vntDefaultInputs(273, 20) = Empty
    vntDefaultInputs(273, 21) = Empty
    vntDefaultInputs(273, 22) = Empty
    vntDefaultInputs(273, 23) = 30
    vntDefaultInputs(273, 24) = 30
    vntDefaultInputs(273, 25) = 9.7
    vntDefaultInputs(273, 26) = 48
    vntDefaultInputs(273, 27) = ""POTW""
    vntDefaultInputs(273, 28) = ""holding tank""
    vntDefaultInputs(273, 29) = ""eductors""
    vntDefaultInputs(273, 30) = ""non-hazardous""
    vntDefaultInputs(273, 31) = Empty
    vntDefaultInputs(273, 32) = Empty
    vntDefaultInputs(273, 33) = Empty
    vntDefaultInputs(273, 34) = Empty
    vntDefaultInputs(273, 35) = Empty
    vntDefaultInputs(273, 36) = Empty
    vntDefaultInputs(273, 37) = Empty
    vntDefaultInputs(273, 38) = Empty
    vntDefaultInputs(273, 39) = Empty
    vntDefaultInputs(273, 40) = Empty
    vntDefaultInputs(273, 41) = Empty
    vntDefaultInputs(273, 42) = Empty
    vntDefaultInputs(273, 43) = Empty
    vntDefaultInputs(273, 44) = Empty
    vntDefaultInputs(273, 45) = Empty
    vntDefaultInputs(273, 46) = Empty
    vntDefaultInputs(274, 1) = 18
    vntDefaultInputs(274, 2) = 1
    vntDefaultInputs(274, 3) = 1
    vntDefaultInputs(274, 4) = 0.03
    vntDefaultInputs(274, 5) = ""MGD""
    vntDefaultInputs(274, 6) = 0.007
    vntDefaultInputs(274, 7) = ""MGD""
    vntDefaultInputs(274, 8) = ""throwaway (radioactive)""
    vntDefaultInputs(274, 9) = ""carbon life value- months""
    vntDefaultInputs(274, 10) = 24
    vntDefaultInputs(274, 11) = Empty
    vntDefaultInputs(274, 12) = Empty
    vntDefaultInputs(274, 13) = Empty
    vntDefaultInputs(274, 14) = ""EBCT""
    vntDefaultInputs(274, 15) = 30
    vntDefaultInputs(274, 16) = Empty
    vntDefaultInputs(274, 17) = Empty
    vntDefaultInputs(274, 18) = 3
    vntDefaultInputs(274, 19) = 4
    vntDefaultInputs(274, 20) = ""upright""
    vntDefaultInputs(274, 21) = 6.5
    vntDefaultInputs(274, 22) = 3
    vntDefaultInputs(274, 23) = Empty
    vntDefaultInputs(274, 24) = Empty
    vntDefaultInputs(274, 25) = Empty
    vntDefaultInputs(274, 26) = 168
    vntDefaultInputs(274, 27) = ""POTW""
    vntDefaultInputs(274, 28) = ""no holding tank""
    vntDefaultInputs(274, 29) = ""manual transfer""
    vntDefaultInputs(274, 30) = Empty
    vntDefaultInputs(274, 31) = Empty
    vntDefaultInputs(274, 32) = 0
    vntDefaultInputs(274, 33) = Empty
    vntDefaultInputs(274, 34) = Empty
    vntDefaultInputs(274, 35) = Empty
    vntDefaultInputs(274, 36) = Empty
    vntDefaultInputs(274, 37) = Empty
    vntDefaultInputs(274, 38) = Empty
    vntDefaultInputs(274, 39) = Empty
    vntDefaultInputs(274, 40) = Empty
    vntDefaultInputs(274, 41) = Empty
    vntDefaultInputs(274, 42) = Empty
    vntDefaultInputs(274, 43) = Empty
    vntDefaultInputs(274, 44) = Empty
    vntDefaultInputs(274, 45) = Empty
    vntDefaultInputs(274, 46) = Empty
    vntDefaultInputs(275, 1) = 18
    vntDefaultInputs(275, 2) = 1
    vntDefaultInputs(275, 3) = 2
    vntDefaultInputs(275, 4) = 0.124
    vntDefaultInputs(275, 5) = ""MGD""
    vntDefaultInputs(275, 6) = 0.035
    vntDefaultInputs(275, 7) = ""MGD""
    vntDefaultInputs(275, 8) = ""throwaway (radioactive)""
    vntDefaultInputs(275, 9) = ""carbon life value- months""
    vntDefaultInputs(275, 10) = 24
    vntDefaultInputs(275, 11) = Empty
    vntDefaultInputs(275, 12) = Empty
    vntDefaultInputs(275, 13) = Empty
    vntDefaultInputs(275, 14) = ""EBCT""
    vntDefaultInputs(275, 15) = 30
    vntDefaultInputs(275, 16) = Empty
    vntDefaultInputs(275, 17) = Empty
    vntDefaultInputs(275, 18) = 3
    vntDefaultInputs(275, 19) = 5.9
    vntDefaultInputs(275, 20) = ""upright""
    vntDefaultInputs(275, 21) = 9.5
    vntDefaultInputs(275, 22) = 5
    vntDefaultInputs(275, 23) = Empty
    vntDefaultInputs(275, 24) = Empty
    vntDefaultInputs(275, 25) = Empty
    vntDefaultInputs(275, 26) = 168
    vntDefaultInputs(275, 27) = ""POTW""
    vntDefaultInputs(275, 28) = ""Holding tank""
    vntDefaultInputs(275, 29) = ""manual transfer""
    vntDefaultInputs(275, 30) = ""non-hazardous""
    vntDefaultInputs(275, 31) = Empty
    vntDefaultInputs(275, 32) = 0
    vntDefaultInputs(275, 33) = Empty
    vntDefaultInputs(275, 34) = Empty
    vntDefaultInputs(275, 35) = Empty
    vntDefaultInputs(275, 36) = Empty
    vntDefaultInputs(275, 37) = Empty
    vntDefaultInputs(275, 38) = Empty
    vntDefaultInputs(275, 39) = Empty
    vntDefaultInputs(275, 40) = Empty
    vntDefaultInputs(275, 41) = Empty
    vntDefaultInputs(275, 42) = Empty
    vntDefaultInputs(275, 43) = Empty
    vntDefaultInputs(275, 44) = Empty
    vntDefaultInputs(275, 45) = Empty
    vntDefaultInputs(275, 46) = Empty
    vntDefaultInputs(276, 1) = 18
    vntDefaultInputs(276, 2) = 1
    vntDefaultInputs(276, 3) = 3
    vntDefaultInputs(276, 4) = 0.305
    vntDefaultInputs(276, 5) = ""MGD""
    vntDefaultInputs(276, 6) = 0.094
    vntDefaultInputs(276, 7) = ""MGD""
    vntDefaultInputs(276, 8) = ""throwaway (radioactive)""
    vntDefaultInputs(276, 9) = ""carbon life value- months""
    vntDefaultInputs(276, 10) = 24
    vntDefaultInputs(276, 11) = Empty
    vntDefaultInputs(276, 12) = Empty
    vntDefaultInputs(276, 13) = Empty
    vntDefaultInputs(276, 14) = ""EBCT""
    vntDefaultInputs(276, 15) = 30
    vntDefaultInputs(276, 16) = Empty
    vntDefaultInputs(276, 17) = Empty
    vntDefaultInputs(276, 18) = 3
    vntDefaultInputs(276, 19) = 6.5
    vntDefaultInputs(276, 20) = ""upright""
    vntDefaultInputs(276, 21) = 10.5
    vntDefaultInputs(276, 22) = 7.5
    vntDefaultInputs(276, 23) = Empty
    vntDefaultInputs(276, 24) = Empty
    vntDefaultInputs(276, 25) = Empty
    vntDefaultInputs(276, 26) = 168
    vntDefaultInputs(276, 27) = ""POTW""
    vntDefaultInputs(276, 28) = ""Holding tank""
    vntDefaultInputs(276, 29) = ""eductors""
    vntDefaultInputs(276, 30) = ""non-hazardous""
    vntDefaultInputs(276, 31) = Empty
    vntDefaultInputs(276, 32) = 0
    vntDefaultInputs(276, 33) = Empty
    vntDefaultInputs(276, 34) = Empty
    vntDefaultInputs(276, 35) = Empty
    vntDefaultInputs(276, 36) = Empty
    vntDefaultInputs(276, 37) = Empty
    vntDefaultInputs(276, 38) = Empty
    vntDefaultInputs(276, 39) = Empty
    vntDefaultInputs(276, 40) = Empty
    vntDefaultInputs(276, 41) = Empty
    vntDefaultInputs(276, 42) = Empty
    vntDefaultInputs(276, 43) = Empty
    vntDefaultInputs(276, 44) = Empty
    vntDefaultInputs(276, 45) = Empty
    vntDefaultInputs(276, 46) = Empty
    vntDefaultInputs(277, 1) = 18
    vntDefaultInputs(277, 2) = 1
    vntDefaultInputs(277, 3) = 4
    vntDefaultInputs(277, 4) = 0.74
    vntDefaultInputs(277, 5) = ""MGD""
    vntDefaultInputs(277, 6) = 0.251
    vntDefaultInputs(277, 7) = ""MGD""
    vntDefaultInputs(277, 8) = ""throwaway (radioactive)""
    vntDefaultInputs(277, 9) = ""carbon life value- months""
    vntDefaultInputs(277, 10) = 24
    vntDefaultInputs(277, 11) = Empty
    vntDefaultInputs(277, 12) = Empty
    vntDefaultInputs(277, 13) = Empty
    vntDefaultInputs(277, 14) = ""EBCT""
    vntDefaultInputs(277, 15) = 30
    vntDefaultInputs(277, 16) = Empty
    vntDefaultInputs(277, 17) = Empty
    vntDefaultInputs(277, 18) = 3
    vntDefaultInputs(277, 19) = 6.7
    vntDefaultInputs(277, 20) = ""upright""
    vntDefaultInputs(277, 21) = 11
    vntDefaultInputs(277, 22) = 11.5
    vntDefaultInputs(277, 23) = Empty
    vntDefaultInputs(277, 24) = Empty
    vntDefaultInputs(277, 25) = Empty
    vntDefaultInputs(277, 26) = 168
    vntDefaultInputs(277, 27) = ""POTW""
    vntDefaultInputs(277, 28) = ""Holding tank""
    vntDefaultInputs(277, 29) = ""eductors""
    vntDefaultInputs(277, 30) = ""non-hazardous""
    vntDefaultInputs(277, 31) = Empty
    vntDefaultInputs(277, 32) = 0
    vntDefaultInputs(277, 33) = Empty
    vntDefaultInputs(277, 34) = Empty
    vntDefaultInputs(277, 35) = Empty
    vntDefaultInputs(277, 36) = Empty
    vntDefaultInputs(277, 37) = Empty
    vntDefaultInputs(277, 38) = Empty
    vntDefaultInputs(277, 39) = Empty
    vntDefaultInputs(277, 40) = Empty
    vntDefaultInputs(277, 41) = Empty
    vntDefaultInputs(277, 42) = Empty
    vntDefaultInputs(277, 43) = Empty
    vntDefaultInputs(277, 44) = Empty
    vntDefaultInputs(277, 45) = Empty
    vntDefaultInputs(277, 46) = Empty
    vntDefaultInputs(278, 1) = 18
    vntDefaultInputs(278, 2) = 1
    vntDefaultInputs(278, 3) = 5
    vntDefaultInputs(278, 4) = 2.152
    vntDefaultInputs(278, 5) = ""MGD""
    vntDefaultInputs(278, 6) = 0.819
    vntDefaultInputs(278, 7) = ""MGD""
    vntDefaultInputs(278, 8) = ""throwaway (radioactive)""
    vntDefaultInputs(278, 9) = ""carbon life value- months""
    vntDefaultInputs(278, 10) = 24
    vntDefaultInputs(278, 11) = Empty
    vntDefaultInputs(278, 12) = Empty
    vntDefaultInputs(278, 13) = Empty
    vntDefaultInputs(278, 14) = ""EBCT""
    vntDefaultInputs(278, 15) = 30
    vntDefaultInputs(278, 16) = Empty
    vntDefaultInputs(278, 17) = Empty
    vntDefaultInputs(278, 18) = 3
    vntDefaultInputs(278, 19) = 7
    vntDefaultInputs(278, 20) = ""upright""
    vntDefaultInputs(278, 21) = 11
    vntDefaultInputs(278, 22) = 13.5
    vntDefaultInputs(278, 23) = Empty
    vntDefaultInputs(278, 24) = Empty
    vntDefaultInputs(278, 25) = Empty
    vntDefaultInputs(278, 26) = 168
    vntDefaultInputs(278, 27) = ""POTW""
    vntDefaultInputs(278, 28) = ""Holding tank""
    vntDefaultInputs(278, 29) = ""eductors""
    vntDefaultInputs(278, 30) = ""non-hazardous""
    vntDefaultInputs(278, 31) = Empty
    vntDefaultInputs(278, 32) = 0
    vntDefaultInputs(278, 33) = Empty
    vntDefaultInputs(278, 34) = Empty
    vntDefaultInputs(278, 35) = Empty
    vntDefaultInputs(278, 36) = Empty
    vntDefaultInputs(278, 37) = Empty
    vntDefaultInputs(278, 38) = Empty
    vntDefaultInputs(278, 39) = Empty
    vntDefaultInputs(278, 40) = Empty
    vntDefaultInputs(278, 41) = Empty
    vntDefaultInputs(278, 42) = Empty
    vntDefaultInputs(278, 43) = Empty
    vntDefaultInputs(278, 44) = Empty
    vntDefaultInputs(278, 45) = Empty
    vntDefaultInputs(278, 46) = Empty
    vntDefaultInputs(279, 1) = 18
    vntDefaultInputs(279, 2) = 1
    vntDefaultInputs(279, 3) = 6
    vntDefaultInputs(279, 4) = 7.365
    vntDefaultInputs(279, 5) = ""MGD""
    vntDefaultInputs(279, 6) = 3.2
    vntDefaultInputs(279, 7) = ""MGD""
    vntDefaultInputs(279, 8) = ""throwaway (radioactive)""
    vntDefaultInputs(279, 9) = ""carbon life value- months""
    vntDefaultInputs(279, 10) = 24
    vntDefaultInputs(279, 11) = Empty
    vntDefaultInputs(279, 12) = Empty
    vntDefaultInputs(279, 13) = Empty
    vntDefaultInputs(279, 14) = ""EBCT""
    vntDefaultInputs(279, 15) = 30
    vntDefaultInputs(279, 16) = Empty
    vntDefaultInputs(279, 17) = Empty
    vntDefaultInputs(279, 18) = 3
    vntDefaultInputs(279, 19) = 7
    vntDefaultInputs(279, 20) = ""upright""
    vntDefaultInputs(279, 21) = 11
    vntDefaultInputs(279, 22) = 12.5
    vntDefaultInputs(279, 23) = Empty
    vntDefaultInputs(279, 24) = Empty
    vntDefaultInputs(279, 25) = Empty
    vntDefaultInputs(279, 26) = 168
    vntDefaultInputs(279, 27) = ""POTW""
    vntDefaultInputs(279, 28) = ""Holding tank""
    vntDefaultInputs(279, 29) = ""eductors""
    vntDefaultInputs(279, 30) = ""non-hazardous""
    vntDefaultInputs(279, 31) = Empty
    vntDefaultInputs(279, 32) = 0
    vntDefaultInputs(279, 33) = Empty
    vntDefaultInputs(279, 34) = Empty
    vntDefaultInputs(279, 35) = Empty
    vntDefaultInputs(279, 36) = Empty
    vntDefaultInputs(279, 37) = Empty
    vntDefaultInputs(279, 38) = Empty
    vntDefaultInputs(279, 39) = Empty
    vntDefaultInputs(279, 40) = Empty
    vntDefaultInputs(279, 41) = Empty
    vntDefaultInputs(279, 42) = Empty
    vntDefaultInputs(279, 43) = Empty
    vntDefaultInputs(279, 44) = Empty
    vntDefaultInputs(279, 45) = Empty
    vntDefaultInputs(279, 46) = Empty
    vntDefaultInputs(280, 1) = 18
    vntDefaultInputs(280, 2) = 1
    vntDefaultInputs(280, 3) = 7
    vntDefaultInputs(280, 4) = 22.614
    vntDefaultInputs(280, 5) = ""MGD""
    vntDefaultInputs(280, 6) = 11.066
    vntDefaultInputs(280, 7) = ""MGD""
    vntDefaultInputs(280, 8) = ""throwaway (radioactive)""
    vntDefaultInputs(280, 9) = ""carbon life value- months""
    vntDefaultInputs(280, 10) = 24
    vntDefaultInputs(280, 11) = Empty
    vntDefaultInputs(280, 12) = Empty
    vntDefaultInputs(280, 13) = Empty
    vntDefaultInputs(280, 14) = ""EBCT""
    vntDefaultInputs(280, 15) = 30
    vntDefaultInputs(280, 16) = Empty
    vntDefaultInputs(280, 17) = Empty
    vntDefaultInputs(280, 18) = 3
    vntDefaultInputs(280, 19) = 6.9
    vntDefaultInputs(280, 20) = ""horizontal""
    vntDefaultInputs(280, 21) = 20
    vntDefaultInputs(280, 22) = 14
    vntDefaultInputs(280, 23) = Empty
    vntDefaultInputs(280, 24) = Empty
    vntDefaultInputs(280, 25) = Empty
    vntDefaultInputs(280, 26) = 168
    vntDefaultInputs(280, 27) = ""POTW""
    vntDefaultInputs(280, 28) = ""Holding tank""
    vntDefaultInputs(280, 29) = ""eductors""
    vntDefaultInputs(280, 30) = ""non-hazardous""
    vntDefaultInputs(280, 31) = Empty
    vntDefaultInputs(280, 32) = 0
    vntDefaultInputs(280, 33) = Empty
    vntDefaultInputs(280, 34) = Empty
    vntDefaultInputs(280, 35) = Empty
    vntDefaultInputs(280, 36) = Empty
    vntDefaultInputs(280, 37) = Empty
    vntDefaultInputs(280, 38) = Empty
    vntDefaultInputs(280, 39) = Empty
    vntDefaultInputs(280, 40) = Empty
    vntDefaultInputs(280, 41) = Empty
    vntDefaultInputs(280, 42) = Empty
    vntDefaultInputs(280, 43) = Empty
    vntDefaultInputs(280, 44) = Empty
    vntDefaultInputs(280, 45) = Empty
    vntDefaultInputs(280, 46) = Empty
    vntDefaultInputs(281, 1) = 18
    vntDefaultInputs(281, 2) = 1
    vntDefaultInputs(281, 3) = 8
    vntDefaultInputs(281, 4) = 75.072
    vntDefaultInputs(281, 5) = ""MGD""
    vntDefaultInputs(281, 6) = 37.536
    vntDefaultInputs(281, 7) = ""MGD""
    vntDefaultInputs(281, 8) = ""throwaway (radioactive)""
    vntDefaultInputs(281, 9) = ""carbon life value- months""
    vntDefaultInputs(281, 10) = 24
    vntDefaultInputs(281, 11) = Empty
    vntDefaultInputs(281, 12) = Empty
    vntDefaultInputs(281, 13) = Empty
    vntDefaultInputs(281, 14) = ""EBCT""
    vntDefaultInputs(281, 15) = 30
    vntDefaultInputs(281, 16) = Empty
    vntDefaultInputs(281, 17) = Empty
    vntDefaultInputs(281, 18) = 3
    vntDefaultInputs(281, 19) = 7.4
    vntDefaultInputs(281, 20) = ""horizontal""
    vntDefaultInputs(281, 21) = 20
    vntDefaultInputs(281, 22) = 14
    vntDefaultInputs(281, 23) = Empty
    vntDefaultInputs(281, 24) = Empty
    vntDefaultInputs(281, 25) = Empty
    vntDefaultInputs(281, 26) = 168
    vntDefaultInputs(281, 27) = ""POTW""
    vntDefaultInputs(281, 28) = ""Holding tank""
    vntDefaultInputs(281, 29) = ""eductors""
    vntDefaultInputs(281, 30) = ""non-hazardous""
    vntDefaultInputs(281, 31) = Empty
    vntDefaultInputs(281, 32) = 0
    vntDefaultInputs(281, 33) = Empty
    vntDefaultInputs(281, 34) = Empty
    vntDefaultInputs(281, 35) = Empty
    vntDefaultInputs(281, 36) = Empty
    vntDefaultInputs(281, 37) = Empty
    vntDefaultInputs(281, 38) = Empty
    vntDefaultInputs(281, 39) = Empty
    vntDefaultInputs(281, 40) = Empty
    vntDefaultInputs(281, 41) = Empty
    vntDefaultInputs(281, 42) = Empty
    vntDefaultInputs(281, 43) = Empty
    vntDefaultInputs(281, 44) = Empty
    vntDefaultInputs(281, 45) = Empty
    vntDefaultInputs(281, 46) = Empty
    vntDefaultInputs(282, 1) = 18
    vntDefaultInputs(282, 2) = 2
    vntDefaultInputs(282, 3) = 1
    vntDefaultInputs(282, 4) = 0.03
    vntDefaultInputs(282, 5) = ""MGD""
    vntDefaultInputs(282, 6) = 0.007
    vntDefaultInputs(282, 7) = ""MGD""
    vntDefaultInputs(282, 8) = ""throwaway (radioactive)""
    vntDefaultInputs(282, 9) = ""carbon life value- months""
    vntDefaultInputs(282, 10) = 24
    vntDefaultInputs(282, 11) = Empty
    vntDefaultInputs(282, 12) = Empty
    vntDefaultInputs(282, 13) = Empty
    vntDefaultInputs(282, 14) = ""EBCT""
    vntDefaultInputs(282, 15) = 30
    vntDefaultInputs(282, 16) = Empty
    vntDefaultInputs(282, 17) = Empty
    vntDefaultInputs(282, 18) = Empty
    vntDefaultInputs(282, 19) = Empty
    vntDefaultInputs(282, 20) = Empty
    vntDefaultInputs(282, 21) = Empty
    vntDefaultInputs(282, 22) = Empty
    vntDefaultInputs(282, 23) = 6
    vntDefaultInputs(282, 24) = 6
    vntDefaultInputs(282, 25) = 3
    vntDefaultInputs(282, 26) = 168
    vntDefaultInputs(282, 27) = ""POTW""
    vntDefaultInputs(282, 28) = ""holding tank""
    vntDefaultInputs(282, 29) = ""manual transfer""
    vntDefaultInputs(282, 30) = ""non-hazardous""
    vntDefaultInputs(282, 31) = Empty
    vntDefaultInputs(282, 32) = Empty
    vntDefaultInputs(282, 33) = Empty
    vntDefaultInputs(282, 34) = Empty
    vntDefaultInputs(282, 35) = Empty
    vntDefaultInputs(282, 36) = Empty
    vntDefaultInputs(282, 37) = Empty
    vntDefaultInputs(282, 38) = Empty
    vntDefaultInputs(282, 39) = Empty
    vntDefaultInputs(282, 40) = Empty
    vntDefaultInputs(282, 41) = Empty
    vntDefaultInputs(282, 42) = Empty
    vntDefaultInputs(282, 43) = Empty
    vntDefaultInputs(282, 44) = Empty
    vntDefaultInputs(282, 45) = Empty
    vntDefaultInputs(282, 46) = Empty
    vntDefaultInputs(283, 1) = 18
    vntDefaultInputs(283, 2) = 2
    vntDefaultInputs(283, 3) = 2
    vntDefaultInputs(283, 4) = 0.124
    vntDefaultInputs(283, 5) = ""MGD""
    vntDefaultInputs(283, 6) = 0.035
    vntDefaultInputs(283, 7) = ""MGD""
    vntDefaultInputs(283, 8) = ""throwaway (radioactive)""
    vntDefaultInputs(283, 9) = ""carbon life value- months""
    vntDefaultInputs(283, 10) = 24
    vntDefaultInputs(283, 11) = Empty
    vntDefaultInputs(283, 12) = Empty
    vntDefaultInputs(283, 13) = Empty
    vntDefaultInputs(283, 14) = ""EBCT""
    vntDefaultInputs(283, 15) = 30
    vntDefaultInputs(283, 16) = Empty
    vntDefaultInputs(283, 17) = Empty
    vntDefaultInputs(283, 18) = Empty
    vntDefaultInputs(283, 19) = Empty
    vntDefaultInputs(283, 20) = Empty
    vntDefaultInputs(283, 21) = Empty
    vntDefaultInputs(283, 22) = Empty
    vntDefaultInputs(283, 23) = 6
    vntDefaultInputs(283, 24) = 6
    vntDefaultInputs(283, 25) = 4.8
    vntDefaultInputs(283, 26) = 168
    vntDefaultInputs(283, 27) = ""POTW""
    vntDefaultInputs(283, 28) = ""holding tank""
    vntDefaultInputs(283, 29) = ""manual transfer""
    vntDefaultInputs(283, 30) = ""non-hazardous""
    vntDefaultInputs(283, 31) = Empty
    vntDefaultInputs(283, 32) = Empty
    vntDefaultInputs(283, 33) = Empty
    vntDefaultInputs(283, 34) = Empty
    vntDefaultInputs(283, 35) = Empty
    vntDefaultInputs(283, 36) = Empty
    vntDefaultInputs(283, 37) = Empty
    vntDefaultInputs(283, 38) = Empty
    vntDefaultInputs(283, 39) = Empty
    vntDefaultInputs(283, 40) = Empty
    vntDefaultInputs(283, 41) = Empty
    vntDefaultInputs(283, 42) = Empty
    vntDefaultInputs(283, 43) = Empty
    vntDefaultInputs(283, 44) = Empty
    vntDefaultInputs(283, 45) = Empty
    vntDefaultInputs(283, 46) = Empty
    vntDefaultInputs(284, 1) = 18
    vntDefaultInputs(284, 2) = 2
    vntDefaultInputs(284, 3) = 3
    vntDefaultInputs(284, 4) = 0.305
    vntDefaultInputs(284, 5) = ""MGD""
    vntDefaultInputs(284, 6) = 0.094
    vntDefaultInputs(284, 7) = ""MGD""
    vntDefaultInputs(284, 8) = ""throwaway (radioactive)""
    vntDefaultInputs(284, 9) = ""carbon life value- months""
    vntDefaultInputs(284, 10) = 24
    vntDefaultInputs(284, 11) = Empty
    vntDefaultInputs(284, 12) = Empty
    vntDefaultInputs(284, 13) = Empty
    vntDefaultInputs(284, 14) = ""EBCT""
    vntDefaultInputs(284, 15) = 30
    vntDefaultInputs(284, 16) = Empty
    vntDefaultInputs(284, 17) = Empty
    vntDefaultInputs(284, 18) = Empty
    vntDefaultInputs(284, 19) = Empty
    vntDefaultInputs(284, 20) = Empty
    vntDefaultInputs(284, 21) = Empty
    vntDefaultInputs(284, 22) = Empty
    vntDefaultInputs(284, 23) = 8.5
    vntDefaultInputs(284, 24) = 8.5
    vntDefaultInputs(284, 25) = 5.9
    vntDefaultInputs(284, 26) = 168
    vntDefaultInputs(284, 27) = ""POTW""
    vntDefaultInputs(284, 28) = ""holding tank""
    vntDefaultInputs(284, 29) = ""eductors""
    vntDefaultInputs(284, 30) = ""non-hazardous""
    vntDefaultInputs(284, 31) = Empty
    vntDefaultInputs(284, 32) = Empty
    vntDefaultInputs(284, 33) = Empty
    vntDefaultInputs(284, 34) = Empty
    vntDefaultInputs(284, 35) = Empty
    vntDefaultInputs(284, 36) = Empty
    vntDefaultInputs(284, 37) = Empty
    vntDefaultInputs(284, 38) = Empty
    vntDefaultInputs(284, 39) = Empty
    vntDefaultInputs(284, 40) = Empty
    vntDefaultInputs(284, 41) = Empty
    vntDefaultInputs(284, 42) = Empty
    vntDefaultInputs(284, 43) = Empty
    vntDefaultInputs(284, 44) = Empty
    vntDefaultInputs(284, 45) = Empty
    vntDefaultInputs(284, 46) = Empty
    vntDefaultInputs(285, 1) = 18
    vntDefaultInputs(285, 2) = 2
    vntDefaultInputs(285, 3) = 4
    vntDefaultInputs(285, 4) = 0.74
    vntDefaultInputs(285, 5) = ""MGD""
    vntDefaultInputs(285, 6) = 0.251
    vntDefaultInputs(285, 7) = ""MGD""
    vntDefaultInputs(285, 8) = ""throwaway (radioactive)""
    vntDefaultInputs(285, 9) = ""carbon life value- months""
    vntDefaultInputs(285, 10) = 24
    vntDefaultInputs(285, 11) = Empty
    vntDefaultInputs(285, 12) = Empty
    vntDefaultInputs(285, 13) = Empty
    vntDefaultInputs(285, 14) = ""EBCT""
    vntDefaultInputs(285, 15) = 30
    vntDefaultInputs(285, 16) = Empty
    vntDefaultInputs(285, 17) = Empty
    vntDefaultInputs(285, 18) = Empty
    vntDefaultInputs(285, 19) = Empty
    vntDefaultInputs(285, 20) = Empty
    vntDefaultInputs(285, 21) = Empty
    vntDefaultInputs(285, 22) = Empty
    vntDefaultInputs(285, 23) = 13.5
    vntDefaultInputs(285, 24) = 13.5
    vntDefaultInputs(285, 25) = 5.7
    vntDefaultInputs(285, 26) = 168
    vntDefaultInputs(285, 27) = ""POTW""
    vntDefaultInputs(285, 28) = ""holding tank""
    vntDefaultInputs(285, 29) = ""eductors""
    vntDefaultInputs(285, 30) = ""non-hazardous""
    vntDefaultInputs(285, 31) = Empty
    vntDefaultInputs(285, 32) = Empty
    vntDefaultInputs(285, 33) = Empty
    vntDefaultInputs(285, 34) = Empty
    vntDefaultInputs(285, 35) = Empty
    vntDefaultInputs(285, 36) = Empty
    vntDefaultInputs(285, 37) = Empty
    vntDefaultInputs(285, 38) = Empty
    vntDefaultInputs(285, 39) = Empty
    vntDefaultInputs(285, 40) = Empty
    vntDefaultInputs(285, 41) = Empty
    vntDefaultInputs(285, 42) = Empty
    vntDefaultInputs(285, 43) = Empty
    vntDefaultInputs(285, 44) = Empty
    vntDefaultInputs(285, 45) = Empty
    vntDefaultInputs(285, 46) = Empty
    vntDefaultInputs(286, 1) = 18
    vntDefaultInputs(286, 2) = 2
    vntDefaultInputs(286, 3) = 5
    vntDefaultInputs(286, 4) = 2.152
    vntDefaultInputs(286, 5) = ""MGD""
    vntDefaultInputs(286, 6) = 0.819
    vntDefaultInputs(286, 7) = ""MGD""
    vntDefaultInputs(286, 8) = ""throwaway (radioactive)""
    vntDefaultInputs(286, 9) = ""carbon life value- months""
    vntDefaultInputs(286, 10) = 24
    vntDefaultInputs(286, 11) = Empty
    vntDefaultInputs(286, 12) = Empty
    vntDefaultInputs(286, 13) = Empty
    vntDefaultInputs(286, 14) = ""EBCT""
    vntDefaultInputs(286, 15) = 30
    vntDefaultInputs(286, 16) = Empty
    vntDefaultInputs(286, 17) = Empty
    vntDefaultInputs(286, 18) = Empty
    vntDefaultInputs(286, 19) = Empty
    vntDefaultInputs(286, 20) = Empty
    vntDefaultInputs(286, 21) = Empty
    vntDefaultInputs(286, 22) = Empty
    vntDefaultInputs(286, 23) = 10.5
    vntDefaultInputs(286, 24) = 10.5
    vntDefaultInputs(286, 25) = 7.8
    vntDefaultInputs(286, 26) = 168
    vntDefaultInputs(286, 27) = ""POTW""
    vntDefaultInputs(286, 28) = ""holding tank""
    vntDefaultInputs(286, 29) = ""eductors""
    vntDefaultInputs(286, 30) = ""non-hazardous""
    vntDefaultInputs(286, 31) = Empty
    vntDefaultInputs(286, 32) = Empty
    vntDefaultInputs(286, 33) = Empty
    vntDefaultInputs(286, 34) = Empty
    vntDefaultInputs(286, 35) = Empty
    vntDefaultInputs(286, 36) = Empty
    vntDefaultInputs(286, 37) = Empty
    vntDefaultInputs(286, 38) = Empty
    vntDefaultInputs(286, 39) = Empty
    vntDefaultInputs(286, 40) = Empty
    vntDefaultInputs(286, 41) = Empty
    vntDefaultInputs(286, 42) = Empty
    vntDefaultInputs(286, 43) = Empty
    vntDefaultInputs(286, 44) = Empty
    vntDefaultInputs(286, 45) = Empty
    vntDefaultInputs(286, 46) = Empty
    vntDefaultInputs(287, 1) = 18
    vntDefaultInputs(287, 2) = 2
    vntDefaultInputs(287, 3) = 6
    vntDefaultInputs(287, 4) = 7.365
    vntDefaultInputs(287, 5) = ""MGD""
    vntDefaultInputs(287, 6) = 3.2
    vntDefaultInputs(287, 7) = ""MGD""
    vntDefaultInputs(287, 8) = ""throwaway (radioactive)""
    vntDefaultInputs(287, 9) = ""carbon life value- months""
    vntDefaultInputs(287, 10) = 24
    vntDefaultInputs(287, 11) = Empty
    vntDefaultInputs(287, 12) = Empty
    vntDefaultInputs(287, 13) = Empty
    vntDefaultInputs(287, 14) = ""EBCT""
    vntDefaultInputs(287, 15) = 30
    vntDefaultInputs(287, 16) = Empty
    vntDefaultInputs(287, 17) = Empty
    vntDefaultInputs(287, 18) = Empty
    vntDefaultInputs(287, 19) = Empty
    vntDefaultInputs(287, 20) = Empty
    vntDefaultInputs(287, 21) = Empty
    vntDefaultInputs(287, 22) = Empty
    vntDefaultInputs(287, 23) = 15
    vntDefaultInputs(287, 24) = 15
    vntDefaultInputs(287, 25) = 7.6
    vntDefaultInputs(287, 26) = 168
    vntDefaultInputs(287, 27) = ""POTW""
    vntDefaultInputs(287, 28) = ""holding tank""
    vntDefaultInputs(287, 29) = ""eductors""
    vntDefaultInputs(287, 30) = ""non-hazardous""
    vntDefaultInputs(287, 31) = Empty
    vntDefaultInputs(287, 32) = Empty
    vntDefaultInputs(287, 33) = Empty
    vntDefaultInputs(287, 34) = Empty
    vntDefaultInputs(287, 35) = Empty
    vntDefaultInputs(287, 36) = Empty
    vntDefaultInputs(287, 37) = Empty
    vntDefaultInputs(287, 38) = Empty
    vntDefaultInputs(287, 39) = Empty
    vntDefaultInputs(287, 40) = Empty
    vntDefaultInputs(287, 41) = Empty
    vntDefaultInputs(287, 42) = Empty
    vntDefaultInputs(287, 43) = Empty
    vntDefaultInputs(287, 44) = Empty
    vntDefaultInputs(287, 45) = Empty
    vntDefaultInputs(287, 46) = Empty
    vntDefaultInputs(288, 1) = 18
    vntDefaultInputs(288, 2) = 2
    vntDefaultInputs(288, 3) = 7
    vntDefaultInputs(288, 4) = 22.614
    vntDefaultInputs(288, 5) = ""MGD""
    vntDefaultInputs(288, 6) = 11.066
    vntDefaultInputs(288, 7) = ""MGD""
    vntDefaultInputs(288, 8) = ""throwaway (radioactive)""
    vntDefaultInputs(288, 9) = ""carbon life value- months""
    vntDefaultInputs(288, 10) = 24
    vntDefaultInputs(288, 11) = Empty
    vntDefaultInputs(288, 12) = Empty
    vntDefaultInputs(288, 13) = Empty
    vntDefaultInputs(288, 14) = ""EBCT""
    vntDefaultInputs(288, 15) = 30
    vntDefaultInputs(288, 16) = Empty
    vntDefaultInputs(288, 17) = Empty
    vntDefaultInputs(288, 18) = Empty
    vntDefaultInputs(288, 19) = Empty
    vntDefaultInputs(288, 20) = Empty
    vntDefaultInputs(288, 21) = Empty
    vntDefaultInputs(288, 22) = Empty
    vntDefaultInputs(288, 23) = 15
    vntDefaultInputs(288, 24) = 15
    vntDefaultInputs(288, 25) = 8
    vntDefaultInputs(288, 26) = 168
    vntDefaultInputs(288, 27) = ""POTW""
    vntDefaultInputs(288, 28) = ""holding tank""
    vntDefaultInputs(288, 29) = ""eductors""
    vntDefaultInputs(288, 30) = ""non-hazardous""
    vntDefaultInputs(288, 31) = Empty
    vntDefaultInputs(288, 32) = Empty
    vntDefaultInputs(288, 33) = Empty
    vntDefaultInputs(288, 34) = Empty
    vntDefaultInputs(288, 35) = Empty
    vntDefaultInputs(288, 36) = Empty
    vntDefaultInputs(288, 37) = Empty
    vntDefaultInputs(288, 38) = Empty
    vntDefaultInputs(288, 39) = Empty
    vntDefaultInputs(288, 40) = Empty
    vntDefaultInputs(288, 41) = Empty
    vntDefaultInputs(288, 42) = Empty
    vntDefaultInputs(288, 43) = Empty
    vntDefaultInputs(288, 44) = Empty
    vntDefaultInputs(288, 45) = Empty
    vntDefaultInputs(288, 46) = Empty
    vntDefaultInputs(289, 1) = 18
    vntDefaultInputs(289, 2) = 2
    vntDefaultInputs(289, 3) = 8
    vntDefaultInputs(289, 4) = 75.072
    vntDefaultInputs(289, 5) = ""MGD""
    vntDefaultInputs(289, 6) = 37.536
    vntDefaultInputs(289, 7) = ""MGD""
    vntDefaultInputs(289, 8) = ""throwaway (radioactive)""
    vntDefaultInputs(289, 9) = ""carbon life value- months""
    vntDefaultInputs(289, 10) = 24
    vntDefaultInputs(289, 11) = Empty
    vntDefaultInputs(289, 12) = Empty
    vntDefaultInputs(289, 13) = Empty
    vntDefaultInputs(289, 14) = ""EBCT""
    vntDefaultInputs(289, 15) = 30
    vntDefaultInputs(289, 16) = Empty
    vntDefaultInputs(289, 17) = Empty
    vntDefaultInputs(289, 18) = Empty
    vntDefaultInputs(289, 19) = Empty
    vntDefaultInputs(289, 20) = Empty
    vntDefaultInputs(289, 21) = Empty
    vntDefaultInputs(289, 22) = Empty
    vntDefaultInputs(289, 23) = 27.5
    vntDefaultInputs(289, 24) = 27.5
    vntDefaultInputs(289, 25) = 7.9
    vntDefaultInputs(289, 26) = 168
    vntDefaultInputs(289, 27) = ""POTW""
    vntDefaultInputs(289, 28) = ""holding tank""
    vntDefaultInputs(289, 29) = ""eductors""
    vntDefaultInputs(289, 30) = ""non-hazardous""
    vntDefaultInputs(289, 31) = Empty
    vntDefaultInputs(289, 32) = Empty
    vntDefaultInputs(289, 33) = Empty
    vntDefaultInputs(289, 34) = Empty
    vntDefaultInputs(289, 35) = Empty
    vntDefaultInputs(289, 36) = Empty
    vntDefaultInputs(289, 37) = Empty
    vntDefaultInputs(289, 38) = Empty
    vntDefaultInputs(289, 39) = Empty
    vntDefaultInputs(289, 40) = Empty
    vntDefaultInputs(289, 41) = Empty
    vntDefaultInputs(289, 42) = Empty
    vntDefaultInputs(289, 43) = Empty
    vntDefaultInputs(289, 44) = Empty
    vntDefaultInputs(289, 45) = Empty
    vntDefaultInputs(289, 46) = Empty
    
        rngStdInputs1 = vntDefaultInputs
End Sub
    Sub RestoreInputs7()
    Dim vntDefaultInputs(290 To 321, 1 To 46) As Variant
    Dim wsStdInputs As Worksheet
    Dim rngStdInputs1 As Range
    
    Set wsStdInputs = ThisWorkbook.Worksheets(STDIN_WSN)
    Set rngStdInputs1 = wsStdInputs.Range(""A297"", ""AT328"")
    vntDefaultInputs(290, 1) = 19
    vntDefaultInputs(290, 2) = 1
    vntDefaultInputs(290, 3) = 1
    vntDefaultInputs(290, 4) = 0.03
    vntDefaultInputs(290, 5) = ""MGD""
    vntDefaultInputs(290, 6) = 0.007
    vntDefaultInputs(290, 7) = ""MGD""
    vntDefaultInputs(290, 8) = ""regeneration off-site (non-hazardous)""
    vntDefaultInputs(290, 9) = ""carbon life value- months""
    vntDefaultInputs(290, 10) = 12
    vntDefaultInputs(290, 11) = Empty
    vntDefaultInputs(290, 12) = Empty
    vntDefaultInputs(290, 13) = Empty
    vntDefaultInputs(290, 14) = ""EBCT""
    vntDefaultInputs(290, 15) = 4
    vntDefaultInputs(290, 16) = Empty
    vntDefaultInputs(290, 17) = Empty
    vntDefaultInputs(290, 18) = 1
    vntDefaultInputs(290, 19) = 3.6
    vntDefaultInputs(290, 20) = ""upright""
    vntDefaultInputs(290, 21) = 6
    vntDefaultInputs(290, 22) = 2
    vntDefaultInputs(290, 23) = Empty
    vntDefaultInputs(290, 24) = Empty
    vntDefaultInputs(290, 25) = Empty
    vntDefaultInputs(290, 26) = 168
    vntDefaultInputs(290, 27) = ""POTW""
    vntDefaultInputs(290, 28) = ""none""
    vntDefaultInputs(290, 29) = ""manual transfer""
    vntDefaultInputs(290, 30) = Empty
    vntDefaultInputs(290, 31) = 0
    vntDefaultInputs(290, 32) = 0
    vntDefaultInputs(290, 33) = ""existing pumps""
    vntDefaultInputs(290, 34) = ""existing storage""
    vntDefaultInputs(290, 35) = ""fully automated""
    vntDefaultInputs(290, 36) = Empty
    vntDefaultInputs(290, 37) = Empty
    vntDefaultInputs(290, 38) = Empty
    vntDefaultInputs(290, 39) = Empty
    vntDefaultInputs(290, 40) = ""add-on""
    vntDefaultInputs(290, 41) = Empty
    vntDefaultInputs(290, 42) = Empty
    vntDefaultInputs(290, 43) = Empty
    vntDefaultInputs(290, 44) = Empty
    vntDefaultInputs(290, 45) = Empty
    vntDefaultInputs(290, 46) = Empty
    vntDefaultInputs(291, 1) = 19
    vntDefaultInputs(291, 2) = 1
    vntDefaultInputs(291, 3) = 2
    vntDefaultInputs(291, 4) = 0.124
    vntDefaultInputs(291, 5) = ""MGD""
    vntDefaultInputs(291, 6) = 0.035
    vntDefaultInputs(291, 7) = ""MGD""
    vntDefaultInputs(291, 8) = ""regeneration off-site (non-hazardous)""
    vntDefaultInputs(291, 9) = ""carbon life value- months""
    vntDefaultInputs(291, 10) = 12
    vntDefaultInputs(291, 11) = Empty
    vntDefaultInputs(291, 12) = Empty
    vntDefaultInputs(291, 13) = Empty
    vntDefaultInputs(291, 14) = ""EBCT""
    vntDefaultInputs(291, 15) = 4
    vntDefaultInputs(291, 16) = Empty
    vntDefaultInputs(291, 17) = Empty
    vntDefaultInputs(291, 18) = 1
    vntDefaultInputs(291, 19) = 4.8
    vntDefaultInputs(291, 20) = ""upright""
    vntDefaultInputs(291, 21) = 8
    vntDefaultInputs(291, 22) = 3.5
    vntDefaultInputs(291, 23) = Empty
    vntDefaultInputs(291, 24) = Empty
    vntDefaultInputs(291, 25) = Empty
    vntDefaultInputs(291, 26) = 168
    vntDefaultInputs(291, 27) = ""POTW""
    vntDefaultInputs(291, 28) = ""none""
    vntDefaultInputs(291, 29) = ""manual transfer""
    vntDefaultInputs(291, 30) = Empty
    vntDefaultInputs(291, 31) = 0
    vntDefaultInputs(291, 32) = 0
    vntDefaultInputs(291, 33) = ""existing pumps""
    vntDefaultInputs(291, 34) = ""existing storage""
    vntDefaultInputs(291, 35) = ""fully automated""
    vntDefaultInputs(291, 36) = Empty
    vntDefaultInputs(291, 37) = Empty
    vntDefaultInputs(291, 38) = Empty
    vntDefaultInputs(291, 39) = Empty
    vntDefaultInputs(291, 40) = ""add-on""
    vntDefaultInputs(291, 41) = Empty
    vntDefaultInputs(291, 42) = Empty
    vntDefaultInputs(291, 43) = Empty
    vntDefaultInputs(291, 44) = Empty
    vntDefaultInputs(291, 45) = Empty
    vntDefaultInputs(291, 46) = Empty
    vntDefaultInputs(292, 1) = 19
    vntDefaultInputs(292, 2) = 1
    vntDefaultInputs(292, 3) = 3
    vntDefaultInputs(292, 4) = 0.305
    vntDefaultInputs(292, 5) = ""MGD""
    vntDefaultInputs(292, 6) = 0.094
    vntDefaultInputs(292, 7) = ""MGD""
    vntDefaultInputs(292, 8) = ""regeneration off-site (non-hazardous)""
    vntDefaultInputs(292, 9) = ""carbon life value- months""
    vntDefaultInputs(292, 10) = 12
    vntDefaultInputs(292, 11) = Empty
    vntDefaultInputs(292, 12) = Empty
    vntDefaultInputs(292, 13) = Empty
    vntDefaultInputs(292, 14) = ""EBCT""
    vntDefaultInputs(292, 15) = 4
    vntDefaultInputs(292, 16) = Empty
    vntDefaultInputs(292, 17) = Empty
    vntDefaultInputs(292, 18) = 1
    vntDefaultInputs(292, 19) = 4.8
    vntDefaultInputs(292, 20) = ""upright""
    vntDefaultInputs(292, 21) = 8
    vntDefaultInputs(292, 22) = 5.5
    vntDefaultInputs(292, 23) = Empty
    vntDefaultInputs(292, 24) = Empty
    vntDefaultInputs(292, 25) = Empty
    vntDefaultInputs(292, 26) = 168
    vntDefaultInputs(292, 27) = ""POTW""
    vntDefaultInputs(292, 28) = ""none""
    vntDefaultInputs(292, 29) = ""manual transfer""
    vntDefaultInputs(292, 30) = Empty
    vntDefaultInputs(292, 31) = 0
    vntDefaultInputs(292, 32) = 0
    vntDefaultInputs(292, 33) = ""existing pumps""
    vntDefaultInputs(292, 34) = ""existing storage""
    vntDefaultInputs(292, 35) = ""fully automated""
    vntDefaultInputs(292, 36) = Empty
    vntDefaultInputs(292, 37) = Empty
    vntDefaultInputs(292, 38) = Empty
    vntDefaultInputs(292, 39) = Empty
    vntDefaultInputs(292, 40) = ""add-on""
    vntDefaultInputs(292, 41) = Empty
    vntDefaultInputs(292, 42) = Empty
    vntDefaultInputs(292, 43) = Empty
    vntDefaultInputs(292, 44) = Empty
    vntDefaultInputs(292, 45) = Empty
    vntDefaultInputs(292, 46) = Empty
    vntDefaultInputs(293, 1) = 19
    vntDefaultInputs(293, 2) = 1
    vntDefaultInputs(293, 3) = 4
    vntDefaultInputs(293, 4) = 0.74
    vntDefaultInputs(293, 5) = ""MGD""
    vntDefaultInputs(293, 6) = 0.251
    vntDefaultInputs(293, 7) = ""MGD""
    vntDefaultInputs(293, 8) = ""regeneration off-site (non-hazardous)""
    vntDefaultInputs(293, 9) = ""carbon life value- months""
    vntDefaultInputs(293, 10) = 12
    vntDefaultInputs(293, 11) = Empty
    vntDefaultInputs(293, 12) = Empty
    vntDefaultInputs(293, 13) = Empty
    vntDefaultInputs(293, 14) = ""EBCT""
    vntDefaultInputs(293, 15) = 4
    vntDefaultInputs(293, 16) = Empty
    vntDefaultInputs(293, 17) = Empty
    vntDefaultInputs(293, 18) = 1
    vntDefaultInputs(293, 19) = 4.9
    vntDefaultInputs(293, 20) = ""upright""
    vntDefaultInputs(293, 21) = 8
    vntDefaultInputs(293, 22) = 8.5
    vntDefaultInputs(293, 23) = Empty
    vntDefaultInputs(293, 24) = Empty
    vntDefaultInputs(293, 25) = Empty
    vntDefaultInputs(293, 26) = 168
    vntDefaultInputs(293, 27) = ""POTW""
    vntDefaultInputs(293, 28) = ""none""
    vntDefaultInputs(293, 29) = ""manual transfer""
    vntDefaultInputs(293, 30) = Empty
    vntDefaultInputs(293, 31) = 0
    vntDefaultInputs(293, 32) = 0
    vntDefaultInputs(293, 33) = ""existing pumps""
    vntDefaultInputs(293, 34) = ""existing storage""
    vntDefaultInputs(293, 35) = ""fully automated""
    vntDefaultInputs(293, 36) = Empty
    vntDefaultInputs(293, 37) = Empty
    vntDefaultInputs(293, 38) = Empty
    vntDefaultInputs(293, 39) = Empty
    vntDefaultInputs(293, 40) = ""add-on""
    vntDefaultInputs(293, 41) = Empty
    vntDefaultInputs(293, 42) = Empty
    vntDefaultInputs(293, 43) = Empty
    vntDefaultInputs(293, 44) = Empty
    vntDefaultInputs(293, 45) = Empty
    vntDefaultInputs(293, 46) = Empty
    vntDefaultInputs(294, 1) = 19
    vntDefaultInputs(294, 2) = 1
    vntDefaultInputs(294, 3) = 5
    vntDefaultInputs(294, 4) = 2.152
    vntDefaultInputs(294, 5) = ""MGD""
    vntDefaultInputs(294, 6) = 0.819
    vntDefaultInputs(294, 7) = ""MGD""
    vntDefaultInputs(294, 8) = ""regeneration off-site (non-hazardous)""
    vntDefaultInputs(294, 9) = ""carbon life value- months""
    vntDefaultInputs(294, 10) = 12
    vntDefaultInputs(294, 11) = Empty
    vntDefaultInputs(294, 12) = Empty
    vntDefaultInputs(294, 13) = Empty
    vntDefaultInputs(294, 14) = ""EBCT""
    vntDefaultInputs(294, 15) = 4
    vntDefaultInputs(294, 16) = Empty
    vntDefaultInputs(294, 17) = Empty
    vntDefaultInputs(294, 18) = 1
    vntDefaultInputs(294, 19) = 5.2
    vntDefaultInputs(294, 20) = ""upright""
    vntDefaultInputs(294, 21) = 8.5
    vntDefaultInputs(294, 22) = 14
    vntDefaultInputs(294, 23) = Empty
    vntDefaultInputs(294, 24) = Empty
    vntDefaultInputs(294, 25) = Empty
    vntDefaultInputs(294, 26) = 168
    vntDefaultInputs(294, 27) = ""POTW""
    vntDefaultInputs(294, 28) = ""none""
    vntDefaultInputs(294, 29) = ""manual transfer""
    vntDefaultInputs(294, 30) = Empty
    vntDefaultInputs(294, 31) = 0
    vntDefaultInputs(294, 32) = 0
    vntDefaultInputs(294, 33) = ""existing pumps""
    vntDefaultInputs(294, 34) = ""existing storage""
    vntDefaultInputs(294, 35) = ""fully automated""
    vntDefaultInputs(294, 36) = Empty
    vntDefaultInputs(294, 37) = Empty
    vntDefaultInputs(294, 38) = Empty
    vntDefaultInputs(294, 39) = Empty
    vntDefaultInputs(294, 40) = ""add-on""
    vntDefaultInputs(294, 41) = Empty
    vntDefaultInputs(294, 42) = Empty
    vntDefaultInputs(294, 43) = Empty
    vntDefaultInputs(294, 44) = Empty
    vntDefaultInputs(294, 45) = Empty
    vntDefaultInputs(294, 46) = Empty
    vntDefaultInputs(295, 1) = 19
    vntDefaultInputs(295, 2) = 1
    vntDefaultInputs(295, 3) = 6
    vntDefaultInputs(295, 4) = 7.365
    vntDefaultInputs(295, 5) = ""MGD""
    vntDefaultInputs(295, 6) = 3.2
    vntDefaultInputs(295, 7) = ""MGD""
    vntDefaultInputs(295, 8) = ""regeneration off-site (non-hazardous)""
    vntDefaultInputs(295, 9) = ""carbon life value- months""
    vntDefaultInputs(295, 10) = 12
    vntDefaultInputs(295, 11) = Empty
    vntDefaultInputs(295, 12) = Empty
    vntDefaultInputs(295, 13) = Empty
    vntDefaultInputs(295, 14) = ""EBCT""
    vntDefaultInputs(295, 15) = 4
    vntDefaultInputs(295, 16) = Empty
    vntDefaultInputs(295, 17) = Empty
    vntDefaultInputs(295, 18) = 1
    vntDefaultInputs(295, 19) = 5.2
    vntDefaultInputs(295, 20) = ""upright""
    vntDefaultInputs(295, 21) = 8.5
    vntDefaultInputs(295, 22) = 13
    vntDefaultInputs(295, 23) = Empty
    vntDefaultInputs(295, 24) = Empty
    vntDefaultInputs(295, 25) = Empty
    vntDefaultInputs(295, 26) = 168
    vntDefaultInputs(295, 27) = ""POTW""
    vntDefaultInputs(295, 28) = ""none""
    vntDefaultInputs(295, 29) = ""manual transfer""
    vntDefaultInputs(295, 30) = Empty
    vntDefaultInputs(295, 31) = 0
    vntDefaultInputs(295, 32) = 0
    vntDefaultInputs(295, 33) = ""existing pumps""
    vntDefaultInputs(295, 34) = ""existing storage""
    vntDefaultInputs(295, 35) = ""fully automated""
    vntDefaultInputs(295, 36) = Empty
    vntDefaultInputs(295, 37) = Empty
    vntDefaultInputs(295, 38) = Empty
    vntDefaultInputs(295, 39) = Empty
    vntDefaultInputs(295, 40) = ""add-on""
    vntDefaultInputs(295, 41) = Empty
    vntDefaultInputs(295, 42) = Empty
    vntDefaultInputs(295, 43) = Empty
    vntDefaultInputs(295, 44) = Empty
    vntDefaultInputs(295, 45) = Empty
    vntDefaultInputs(295, 46) = Empty
    vntDefaultInputs(296, 1) = 19
    vntDefaultInputs(296, 2) = 1
    vntDefaultInputs(296, 3) = 7
    vntDefaultInputs(296, 4) = 22.614
    vntDefaultInputs(296, 5) = ""MGD""
    vntDefaultInputs(296, 6) = 11.066
    vntDefaultInputs(296, 7) = ""MGD""
    vntDefaultInputs(296, 8) = ""regeneration off-site (non-hazardous)""
    vntDefaultInputs(296, 9) = ""carbon life value- months""
    vntDefaultInputs(296, 10) = 12
    vntDefaultInputs(296, 11) = Empty
    vntDefaultInputs(296, 12) = Empty
    vntDefaultInputs(296, 13) = Empty
    vntDefaultInputs(296, 14) = ""EBCT""
    vntDefaultInputs(296, 15) = 4
    vntDefaultInputs(296, 16) = Empty
    vntDefaultInputs(296, 17) = Empty
    vntDefaultInputs(296, 18) = 1
    vntDefaultInputs(296, 19) = 5.3
    vntDefaultInputs(296, 20) = ""upright""
    vntDefaultInputs(296, 21) = 8.5
    vntDefaultInputs(296, 22) = 13
    vntDefaultInputs(296, 23) = Empty
    vntDefaultInputs(296, 24) = Empty
    vntDefaultInputs(296, 25) = Empty
    vntDefaultInputs(296, 26) = 168
    vntDefaultInputs(296, 27) = ""POTW""
    vntDefaultInputs(296, 28) = ""none""
    vntDefaultInputs(296, 29) = ""manual transfer""
    vntDefaultInputs(296, 30) = Empty
    vntDefaultInputs(296, 31) = 0
    vntDefaultInputs(296, 32) = 0
    vntDefaultInputs(296, 33) = ""existing pumps""
    vntDefaultInputs(296, 34) = ""existing storage""
    vntDefaultInputs(296, 35) = ""fully automated""
    vntDefaultInputs(296, 36) = Empty
    vntDefaultInputs(296, 37) = Empty
    vntDefaultInputs(296, 38) = Empty
    vntDefaultInputs(296, 39) = Empty
    vntDefaultInputs(296, 40) = ""add-on""
    vntDefaultInputs(296, 41) = Empty
    vntDefaultInputs(296, 42) = Empty
    vntDefaultInputs(296, 43) = Empty
    vntDefaultInputs(296, 44) = Empty
    vntDefaultInputs(296, 45) = Empty
    vntDefaultInputs(296, 46) = Empty
    vntDefaultInputs(297, 1) = 19
    vntDefaultInputs(297, 2) = 1
    vntDefaultInputs(297, 3) = 8
    vntDefaultInputs(297, 4) = 75.072
    vntDefaultInputs(297, 5) = ""MGD""
    vntDefaultInputs(297, 6) = 37.536
    vntDefaultInputs(297, 7) = ""MGD""
    vntDefaultInputs(297, 8) = ""regeneration off-site (non-hazardous)""
    vntDefaultInputs(297, 9) = ""carbon life value- months""
    vntDefaultInputs(297, 10) = 12
    vntDefaultInputs(297, 11) = Empty
    vntDefaultInputs(297, 12) = Empty
    vntDefaultInputs(297, 13) = Empty
    vntDefaultInputs(297, 14) = ""EBCT""
    vntDefaultInputs(297, 15) = 4
    vntDefaultInputs(297, 16) = Empty
    vntDefaultInputs(297, 17) = Empty
    vntDefaultInputs(297, 18) = 1
    vntDefaultInputs(297, 19) = 5.3
    vntDefaultInputs(297, 20) = ""upright""
    vntDefaultInputs(297, 21) = 8.5
    vntDefaultInputs(297, 22) = 13.5
    vntDefaultInputs(297, 23) = Empty
    vntDefaultInputs(297, 24) = Empty
    vntDefaultInputs(297, 25) = Empty
    vntDefaultInputs(297, 26) = 168
    vntDefaultInputs(297, 27) = ""POTW""
    vntDefaultInputs(297, 28) = ""none""
    vntDefaultInputs(297, 29) = ""manual transfer""
    vntDefaultInputs(297, 30) = Empty
    vntDefaultInputs(297, 31) = 0
    vntDefaultInputs(297, 32) = 0
    vntDefaultInputs(297, 33) = ""existing pumps""
    vntDefaultInputs(297, 34) = ""existing storage""
    vntDefaultInputs(297, 35) = ""fully automated""
    vntDefaultInputs(297, 36) = Empty
    vntDefaultInputs(297, 37) = Empty
    vntDefaultInputs(297, 38) = Empty
    vntDefaultInputs(297, 39) = Empty
    vntDefaultInputs(297, 40) = ""add-on""
    vntDefaultInputs(297, 41) = Empty
    vntDefaultInputs(297, 42) = Empty
    vntDefaultInputs(297, 43) = Empty
    vntDefaultInputs(297, 44) = Empty
    vntDefaultInputs(297, 45) = Empty
    vntDefaultInputs(297, 46) = Empty
    vntDefaultInputs(298, 1) = 19
    vntDefaultInputs(298, 2) = 2
    vntDefaultInputs(298, 3) = 1
    vntDefaultInputs(298, 4) = 0.03
    vntDefaultInputs(298, 5) = ""MGD""
    vntDefaultInputs(298, 6) = 0.007
    vntDefaultInputs(298, 7) = ""MGD""
    vntDefaultInputs(298, 8) = ""regeneration off-site (non-hazardous)""
    vntDefaultInputs(298, 9) = ""carbon life value- months""
    vntDefaultInputs(298, 10) = 12
    vntDefaultInputs(298, 11) = Empty
    vntDefaultInputs(298, 12) = Empty
    vntDefaultInputs(298, 13) = Empty
    vntDefaultInputs(298, 14) = ""EBCT""
    vntDefaultInputs(298, 15) = 4
    vntDefaultInputs(298, 16) = Empty
    vntDefaultInputs(298, 17) = Empty
    vntDefaultInputs(298, 18) = Empty
    vntDefaultInputs(298, 19) = Empty
    vntDefaultInputs(298, 20) = Empty
    vntDefaultInputs(298, 21) = Empty
    vntDefaultInputs(298, 22) = Empty
    vntDefaultInputs(298, 23) = 6
    vntDefaultInputs(298, 24) = 6
    vntDefaultInputs(298, 25) = 3
    vntDefaultInputs(298, 26) = 168
    vntDefaultInputs(298, 27) = ""POTW""
    vntDefaultInputs(298, 28) = ""none""
    vntDefaultInputs(298, 29) = ""manual transfer""
    vntDefaultInputs(298, 30) = Empty
    vntDefaultInputs(298, 31) = 0
    vntDefaultInputs(298, 32) = 0
    vntDefaultInputs(298, 33) = ""existing pumps""
    vntDefaultInputs(298, 34) = ""existing storage""
    vntDefaultInputs(298, 35) = ""fully automated""
    vntDefaultInputs(298, 36) = Empty
    vntDefaultInputs(298, 37) = Empty
    vntDefaultInputs(298, 38) = Empty
    vntDefaultInputs(298, 39) = Empty
    vntDefaultInputs(298, 40) = ""add-on""
    vntDefaultInputs(298, 41) = Empty
    vntDefaultInputs(298, 42) = Empty
    vntDefaultInputs(298, 43) = Empty
    vntDefaultInputs(298, 44) = Empty
    vntDefaultInputs(298, 45) = Empty
    vntDefaultInputs(298, 46) = Empty
    vntDefaultInputs(299, 1) = 19
    vntDefaultInputs(299, 2) = 2
    vntDefaultInputs(299, 3) = 2
    vntDefaultInputs(299, 4) = 0.124
    vntDefaultInputs(299, 5) = ""MGD""
    vntDefaultInputs(299, 6) = 0.035
    vntDefaultInputs(299, 7) = ""MGD""
    vntDefaultInputs(299, 8) = ""regeneration off-site (non-hazardous)""
    vntDefaultInputs(299, 9) = ""carbon life value- months""
    vntDefaultInputs(299, 10) = 12
    vntDefaultInputs(299, 11) = Empty
    vntDefaultInputs(299, 12) = Empty
    vntDefaultInputs(299, 13) = Empty
    vntDefaultInputs(299, 14) = ""EBCT""
    vntDefaultInputs(299, 15) = 4
    vntDefaultInputs(299, 16) = Empty
    vntDefaultInputs(299, 17) = Empty
    vntDefaultInputs(299, 18) = Empty
    vntDefaultInputs(299, 19) = Empty
    vntDefaultInputs(299, 20) = Empty
    vntDefaultInputs(299, 21) = Empty
    vntDefaultInputs(299, 22) = Empty
    vntDefaultInputs(299, 23) = 6
    vntDefaultInputs(299, 24) = 6
    vntDefaultInputs(299, 25) = 3
    vntDefaultInputs(299, 26) = 168
    vntDefaultInputs(299, 27) = ""POTW""
    vntDefaultInputs(299, 28) = ""none""
    vntDefaultInputs(299, 29) = ""manual transfer""
    vntDefaultInputs(299, 30) = Empty
    vntDefaultInputs(299, 31) = 0
    vntDefaultInputs(299, 32) = 0
    vntDefaultInputs(299, 33) = ""existing pumps""
    vntDefaultInputs(299, 34) = ""existing storage""
    vntDefaultInputs(299, 35) = ""fully automated""
    vntDefaultInputs(299, 36) = Empty
    vntDefaultInputs(299, 37) = Empty
    vntDefaultInputs(299, 38) = Empty
    vntDefaultInputs(299, 39) = Empty
    vntDefaultInputs(299, 40) = ""add-on""
    vntDefaultInputs(299, 41) = Empty
    vntDefaultInputs(299, 42) = Empty
    vntDefaultInputs(299, 43) = Empty
    vntDefaultInputs(299, 44) = Empty
    vntDefaultInputs(299, 45) = Empty
    vntDefaultInputs(299, 46) = Empty
    vntDefaultInputs(300, 1) = 19
    vntDefaultInputs(300, 2) = 2
    vntDefaultInputs(300, 3) = 3
    vntDefaultInputs(300, 4) = 0.305
    vntDefaultInputs(300, 5) = ""MGD""
    vntDefaultInputs(300, 6) = 0.094
    vntDefaultInputs(300, 7) = ""MGD""
    vntDefaultInputs(300, 8) = ""regeneration off-site (non-hazardous)""
    vntDefaultInputs(300, 9) = ""carbon life value- months""
    vntDefaultInputs(300, 10) = 12
    vntDefaultInputs(300, 11) = Empty
    vntDefaultInputs(300, 12) = Empty
    vntDefaultInputs(300, 13) = Empty
    vntDefaultInputs(300, 14) = ""EBCT""
    vntDefaultInputs(300, 15) = 4
    vntDefaultInputs(300, 16) = Empty
    vntDefaultInputs(300, 17) = Empty
    vntDefaultInputs(300, 18) = Empty
    vntDefaultInputs(300, 19) = Empty
    vntDefaultInputs(300, 20) = Empty
    vntDefaultInputs(300, 21) = Empty
    vntDefaultInputs(300, 22) = Empty
    vntDefaultInputs(300, 23) = 6
    vntDefaultInputs(300, 24) = 6
    vntDefaultInputs(300, 25) = 3.2
    vntDefaultInputs(300, 26) = 168
    vntDefaultInputs(300, 27) = ""POTW""
    vntDefaultInputs(300, 28) = ""none""
    vntDefaultInputs(300, 29) = ""manual transfer""
    vntDefaultInputs(300, 30) = Empty
    vntDefaultInputs(300, 31) = 0
    vntDefaultInputs(300, 32) = 0
    vntDefaultInputs(300, 33) = ""existing pumps""
    vntDefaultInputs(300, 34) = ""existing storage""
    vntDefaultInputs(300, 35) = ""fully automated""
    vntDefaultInputs(300, 36) = Empty
    vntDefaultInputs(300, 37) = Empty
    vntDefaultInputs(300, 38) = Empty
    vntDefaultInputs(300, 39) = Empty
    vntDefaultInputs(300, 40) = ""add-on""
    vntDefaultInputs(300, 41) = Empty
    vntDefaultInputs(300, 42) = Empty
    vntDefaultInputs(300, 43) = Empty
    vntDefaultInputs(300, 44) = Empty
    vntDefaultInputs(300, 45) = Empty
    vntDefaultInputs(300, 46) = Empty
    vntDefaultInputs(301, 1) = 19
    vntDefaultInputs(301, 2) = 2
    vntDefaultInputs(301, 3) = 4
    vntDefaultInputs(301, 4) = 0.74
    vntDefaultInputs(301, 5) = ""MGD""
    vntDefaultInputs(301, 6) = 0.251
    vntDefaultInputs(301, 7) = ""MGD""
    vntDefaultInputs(301, 8) = ""regeneration off-site (non-hazardous)""
    vntDefaultInputs(301, 9) = ""carbon life value- months""
    vntDefaultInputs(301, 10) = 12
    vntDefaultInputs(301, 11) = Empty
    vntDefaultInputs(301, 12) = Empty
    vntDefaultInputs(301, 13) = Empty
    vntDefaultInputs(301, 14) = ""EBCT""
    vntDefaultInputs(301, 15) = 4
    vntDefaultInputs(301, 16) = Empty
    vntDefaultInputs(301, 17) = Empty
    vntDefaultInputs(301, 18) = Empty
    vntDefaultInputs(301, 19) = Empty
    vntDefaultInputs(301, 20) = Empty
    vntDefaultInputs(301, 21) = Empty
    vntDefaultInputs(301, 22) = Empty
    vntDefaultInputs(301, 23) = 7.5
    vntDefaultInputs(301, 24) = 7.5
    vntDefaultInputs(301, 25) = 4.9
    vntDefaultInputs(301, 26) = 168
    vntDefaultInputs(301, 27) = ""POTW""
    vntDefaultInputs(301, 28) = ""none""
    vntDefaultInputs(301, 29) = ""manual transfer""
    vntDefaultInputs(301, 30) = Empty
    vntDefaultInputs(301, 31) = 0
    vntDefaultInputs(301, 32) = 0
    vntDefaultInputs(301, 33) = ""existing pumps""
    vntDefaultInputs(301, 34) = ""existing storage""
    vntDefaultInputs(301, 35) = ""fully automated""
    vntDefaultInputs(301, 36) = Empty
    vntDefaultInputs(301, 37) = Empty
    vntDefaultInputs(301, 38) = Empty
    vntDefaultInputs(301, 39) = Empty
    vntDefaultInputs(301, 40) = ""add-on""
    vntDefaultInputs(301, 41) = Empty
    vntDefaultInputs(301, 42) = Empty
    vntDefaultInputs(301, 43) = Empty
    vntDefaultInputs(301, 44) = Empty
    vntDefaultInputs(301, 45) = Empty
    vntDefaultInputs(301, 46) = Empty
    vntDefaultInputs(302, 1) = 19
    vntDefaultInputs(302, 2) = 2
    vntDefaultInputs(302, 3) = 5
    vntDefaultInputs(302, 4) = 2.152
    vntDefaultInputs(302, 5) = ""MGD""
    vntDefaultInputs(302, 6) = 0.819
    vntDefaultInputs(302, 7) = ""MGD""
    vntDefaultInputs(302, 8) = ""regeneration off-site (non-hazardous)""
    vntDefaultInputs(302, 9) = ""carbon life value- months""
    vntDefaultInputs(302, 10) = 12
    vntDefaultInputs(302, 11) = Empty
    vntDefaultInputs(302, 12) = Empty
    vntDefaultInputs(302, 13) = Empty
    vntDefaultInputs(302, 14) = ""EBCT""
    vntDefaultInputs(302, 15) = 4
    vntDefaultInputs(302, 16) = Empty
    vntDefaultInputs(302, 17) = Empty
    vntDefaultInputs(302, 18) = Empty
    vntDefaultInputs(302, 19) = Empty
    vntDefaultInputs(302, 20) = Empty
    vntDefaultInputs(302, 21) = Empty
    vntDefaultInputs(302, 22) = Empty
    vntDefaultInputs(302, 23) = 12.5
    vntDefaultInputs(302, 24) = 12.5
    vntDefaultInputs(302, 25) = 5.2
    vntDefaultInputs(302, 26) = 168
    vntDefaultInputs(302, 27) = ""POTW""
    vntDefaultInputs(302, 28) = ""none""
    vntDefaultInputs(302, 29) = ""manual transfer""
    vntDefaultInputs(302, 30) = Empty
    vntDefaultInputs(302, 31) = 0
    vntDefaultInputs(302, 32) = 0
    vntDefaultInputs(302, 33) = ""existing pumps""
    vntDefaultInputs(302, 34) = ""existing storage""
    vntDefaultInputs(302, 35) = ""fully automated""
    vntDefaultInputs(302, 36) = Empty
    vntDefaultInputs(302, 37) = Empty
    vntDefaultInputs(302, 38) = Empty
    vntDefaultInputs(302, 39) = Empty
    vntDefaultInputs(302, 40) = ""add-on""
    vntDefaultInputs(302, 41) = Empty
    vntDefaultInputs(302, 42) = Empty
    vntDefaultInputs(302, 43) = Empty
    vntDefaultInputs(302, 44) = Empty
    vntDefaultInputs(302, 45) = Empty
    vntDefaultInputs(302, 46) = Empty
    vntDefaultInputs(303, 1) = 19
    vntDefaultInputs(303, 2) = 2
    vntDefaultInputs(303, 3) = 6
    vntDefaultInputs(303, 4) = 7.365
    vntDefaultInputs(303, 5) = ""MGD""
    vntDefaultInputs(303, 6) = 3.2
    vntDefaultInputs(303, 7) = ""MGD""
    vntDefaultInputs(303, 8) = ""regeneration off-site (non-hazardous)""
    vntDefaultInputs(303, 9) = ""carbon life value- months""
    vntDefaultInputs(303, 10) = 12
    vntDefaultInputs(303, 11) = Empty
    vntDefaultInputs(303, 12) = Empty
    vntDefaultInputs(303, 13) = Empty
    vntDefaultInputs(303, 14) = ""EBCT""
    vntDefaultInputs(303, 15) = 4
    vntDefaultInputs(303, 16) = Empty
    vntDefaultInputs(303, 17) = Empty
    vntDefaultInputs(303, 18) = Empty
    vntDefaultInputs(303, 19) = Empty
    vntDefaultInputs(303, 20) = Empty
    vntDefaultInputs(303, 21) = Empty
    vntDefaultInputs(303, 22) = Empty
    vntDefaultInputs(303, 23) = 23
    vntDefaultInputs(303, 24) = 23
    vntDefaultInputs(303, 25) = 5.2
    vntDefaultInputs(303, 26) = 168
    vntDefaultInputs(303, 27) = ""POTW""
    vntDefaultInputs(303, 28) = ""none""
    vntDefaultInputs(303, 29) = ""manual transfer""
    vntDefaultInputs(303, 30) = Empty
    vntDefaultInputs(303, 31) = 0
    vntDefaultInputs(303, 32) = 0
    vntDefaultInputs(303, 33) = ""existing pumps""
    vntDefaultInputs(303, 34) = ""existing storage""
    vntDefaultInputs(303, 35) = ""fully automated""
    vntDefaultInputs(303, 36) = Empty
    vntDefaultInputs(303, 37) = Empty
    vntDefaultInputs(303, 38) = Empty
    vntDefaultInputs(303, 39) = Empty
    vntDefaultInputs(303, 40) = ""add-on""
    vntDefaultInputs(303, 41) = Empty
    vntDefaultInputs(303, 42) = Empty
    vntDefaultInputs(303, 43) = Empty
    vntDefaultInputs(303, 44) = Empty
    vntDefaultInputs(303, 45) = Empty
    vntDefaultInputs(303, 46) = Empty
    vntDefaultInputs(304, 1) = 19
    vntDefaultInputs(304, 2) = 2
    vntDefaultInputs(304, 3) = 7
    vntDefaultInputs(304, 4) = 22.614
    vntDefaultInputs(304, 5) = ""MGD""
    vntDefaultInputs(304, 6) = 11.066
    vntDefaultInputs(304, 7) = ""MGD""
    vntDefaultInputs(304, 8) = ""regeneration off-site (non-hazardous)""
    vntDefaultInputs(304, 9) = ""carbon life value- months""
    vntDefaultInputs(304, 10) = 12
    vntDefaultInputs(304, 11) = Empty
    vntDefaultInputs(304, 12) = Empty
    vntDefaultInputs(304, 13) = Empty
    vntDefaultInputs(304, 14) = ""EBCT""
    vntDefaultInputs(304, 15) = 4
    vntDefaultInputs(304, 16) = Empty
    vntDefaultInputs(304, 17) = Empty
    vntDefaultInputs(304, 18) = Empty
    vntDefaultInputs(304, 19) = Empty
    vntDefaultInputs(304, 20) = Empty
    vntDefaultInputs(304, 21) = Empty
    vntDefaultInputs(304, 22) = Empty
    vntDefaultInputs(304, 23) = 23
    vntDefaultInputs(304, 24) = 23
    vntDefaultInputs(304, 25) = 5.3
    vntDefaultInputs(304, 26) = 168
    vntDefaultInputs(304, 27) = ""POTW""
    vntDefaultInputs(304, 28) = ""none""
    vntDefaultInputs(304, 29) = ""manual transfer""
    vntDefaultInputs(304, 30) = Empty
    vntDefaultInputs(304, 31) = 0
    vntDefaultInputs(304, 32) = 0
    vntDefaultInputs(304, 33) = ""existing pumps""
    vntDefaultInputs(304, 34) = ""existing storage""
    vntDefaultInputs(304, 35) = ""fully automated""
    vntDefaultInputs(304, 36) = Empty
    vntDefaultInputs(304, 37) = Empty
    vntDefaultInputs(304, 38) = Empty
    vntDefaultInputs(304, 39) = Empty
    vntDefaultInputs(304, 40) = ""add-on""
    vntDefaultInputs(304, 41) = Empty
    vntDefaultInputs(304, 42) = Empty
    vntDefaultInputs(304, 43) = Empty
    vntDefaultInputs(304, 44) = Empty
    vntDefaultInputs(304, 45) = Empty
    vntDefaultInputs(304, 46) = Empty
    vntDefaultInputs(305, 1) = 19
    vntDefaultInputs(305, 2) = 2
    vntDefaultInputs(305, 3) = 8
    vntDefaultInputs(305, 4) = 75.072
    vntDefaultInputs(305, 5) = ""MGD""
    vntDefaultInputs(305, 6) = 37.536
    vntDefaultInputs(305, 7) = ""MGD""
    vntDefaultInputs(305, 8) = ""regeneration off-site (non-hazardous)""
    vntDefaultInputs(305, 9) = ""carbon life value- months""
    vntDefaultInputs(305, 10) = 12
    vntDefaultInputs(305, 11) = Empty
    vntDefaultInputs(305, 12) = Empty
    vntDefaultInputs(305, 13) = Empty
    vntDefaultInputs(305, 14) = ""EBCT""
    vntDefaultInputs(305, 15) = 4
    vntDefaultInputs(305, 16) = Empty
    vntDefaultInputs(305, 17) = Empty
    vntDefaultInputs(305, 18) = Empty
    vntDefaultInputs(305, 19) = Empty
    vntDefaultInputs(305, 20) = Empty
    vntDefaultInputs(305, 21) = Empty
    vntDefaultInputs(305, 22) = Empty
    vntDefaultInputs(305, 23) = 29.5
    vntDefaultInputs(305, 24) = 29.5
    vntDefaultInputs(305, 25) = 5.4
    vntDefaultInputs(305, 26) = 168
    vntDefaultInputs(305, 27) = ""POTW""
    vntDefaultInputs(305, 28) = ""none""
    vntDefaultInputs(305, 29) = ""manual transfer""
    vntDefaultInputs(305, 30) = Empty
    vntDefaultInputs(305, 31) = 0
    vntDefaultInputs(305, 32) = 0
    vntDefaultInputs(305, 33) = ""existing pumps""
    vntDefaultInputs(305, 34) = ""existing storage""
    vntDefaultInputs(305, 35) = ""fully automated""
    vntDefaultInputs(305, 36) = Empty
    vntDefaultInputs(305, 37) = Empty
    vntDefaultInputs(305, 38) = Empty
    vntDefaultInputs(305, 39) = Empty
    vntDefaultInputs(305, 40) = ""add-on""
    vntDefaultInputs(305, 41) = Empty
    vntDefaultInputs(305, 42) = Empty
    vntDefaultInputs(305, 43) = Empty
    vntDefaultInputs(305, 44) = Empty
    vntDefaultInputs(305, 45) = Empty
    vntDefaultInputs(305, 46) = Empty
    vntDefaultInputs(306, 1) = 20
    vntDefaultInputs(306, 2) = 1
    vntDefaultInputs(306, 3) = 1
    vntDefaultInputs(306, 4) = 0.03
    vntDefaultInputs(306, 5) = ""MGD""
    vntDefaultInputs(306, 6) = 0.007
    vntDefaultInputs(306, 7) = ""MGD""
    vntDefaultInputs(306, 8) = Empty
    vntDefaultInputs(306, 9) = Empty
    vntDefaultInputs(306, 10) = Empty
    vntDefaultInputs(306, 11) = Empty
    vntDefaultInputs(306, 12) = Empty
    vntDefaultInputs(306, 13) = Empty
    vntDefaultInputs(306, 14) = Empty
    vntDefaultInputs(306, 15) = Empty
    vntDefaultInputs(306, 16) = Empty
    vntDefaultInputs(306, 17) = Empty
    vntDefaultInputs(306, 18) = Empty
    vntDefaultInputs(306, 19) = Empty
    vntDefaultInputs(306, 20) = Empty
    vntDefaultInputs(306, 21) = Empty
    vntDefaultInputs(306, 22) = Empty
    vntDefaultInputs(306, 23) = Empty
    vntDefaultInputs(306, 24) = Empty
    vntDefaultInputs(306, 25) = Empty
    vntDefaultInputs(306, 26) = Empty
    vntDefaultInputs(306, 27) = Empty
    vntDefaultInputs(306, 28) = Empty
    vntDefaultInputs(306, 29) = Empty
    vntDefaultInputs(306, 30) = Empty
    vntDefaultInputs(306, 31) = Empty
    vntDefaultInputs(306, 32) = Empty
    vntDefaultInputs(306, 33) = Empty
    vntDefaultInputs(306, 34) = Empty
    vntDefaultInputs(306, 35) = Empty
    vntDefaultInputs(306, 36) = Empty
    vntDefaultInputs(306, 37) = Empty
    vntDefaultInputs(306, 38) = Empty
    vntDefaultInputs(306, 39) = Empty
    vntDefaultInputs(306, 40) = Empty
    vntDefaultInputs(306, 41) = Empty
    vntDefaultInputs(306, 42) = Empty
    vntDefaultInputs(306, 43) = Empty
    vntDefaultInputs(306, 44) = Empty
    vntDefaultInputs(306, 45) = Empty
    vntDefaultInputs(306, 46) = Empty
    vntDefaultInputs(307, 1) = 20
    vntDefaultInputs(307, 2) = 1
    vntDefaultInputs(307, 3) = 2
    vntDefaultInputs(307, 4) = 0.124
    vntDefaultInputs(307, 5) = ""MGD""
    vntDefaultInputs(307, 6) = 0.035
    vntDefaultInputs(307, 7) = ""MGD""
    vntDefaultInputs(307, 8) = Empty
    vntDefaultInputs(307, 9) = Empty
    vntDefaultInputs(307, 10) = Empty
    vntDefaultInputs(307, 11) = Empty
    vntDefaultInputs(307, 12) = Empty
    vntDefaultInputs(307, 13) = Empty
    vntDefaultInputs(307, 14) = Empty
    vntDefaultInputs(307, 15) = Empty
    vntDefaultInputs(307, 16) = Empty
    vntDefaultInputs(307, 17) = Empty
    vntDefaultInputs(307, 18) = Empty
    vntDefaultInputs(307, 19) = Empty
    vntDefaultInputs(307, 20) = Empty
    vntDefaultInputs(307, 21) = Empty
    vntDefaultInputs(307, 22) = Empty
    vntDefaultInputs(307, 23) = Empty
    vntDefaultInputs(307, 24) = Empty
    vntDefaultInputs(307, 25) = Empty
    vntDefaultInputs(307, 26) = Empty
    vntDefaultInputs(307, 27) = Empty
    vntDefaultInputs(307, 28) = Empty
    vntDefaultInputs(307, 29) = Empty
    vntDefaultInputs(307, 30) = Empty
    vntDefaultInputs(307, 31) = Empty
    vntDefaultInputs(307, 32) = Empty
    vntDefaultInputs(307, 33) = Empty
    vntDefaultInputs(307, 34) = Empty
    vntDefaultInputs(307, 35) = Empty
    vntDefaultInputs(307, 36) = Empty
    vntDefaultInputs(307, 37) = Empty
    vntDefaultInputs(307, 38) = Empty
    vntDefaultInputs(307, 39) = Empty
    vntDefaultInputs(307, 40) = Empty
    vntDefaultInputs(307, 41) = Empty
    vntDefaultInputs(307, 42) = Empty
    vntDefaultInputs(307, 43) = Empty
    vntDefaultInputs(307, 44) = Empty
    vntDefaultInputs(307, 45) = Empty
    vntDefaultInputs(307, 46) = Empty
    vntDefaultInputs(308, 1) = 20
    vntDefaultInputs(308, 2) = 1
    vntDefaultInputs(308, 3) = 3
    vntDefaultInputs(308, 4) = 0.305
    vntDefaultInputs(308, 5) = ""MGD""
    vntDefaultInputs(308, 6) = 0.094
    vntDefaultInputs(308, 7) = ""MGD""
    vntDefaultInputs(308, 8) = Empty
    vntDefaultInputs(308, 9) = Empty
    vntDefaultInputs(308, 10) = Empty
    vntDefaultInputs(308, 11) = Empty
    vntDefaultInputs(308, 12) = Empty
    vntDefaultInputs(308, 13) = Empty
    vntDefaultInputs(308, 14) = Empty
    vntDefaultInputs(308, 15) = Empty
    vntDefaultInputs(308, 16) = Empty
    vntDefaultInputs(308, 17) = Empty
    vntDefaultInputs(308, 18) = Empty
    vntDefaultInputs(308, 19) = Empty
    vntDefaultInputs(308, 20) = Empty
    vntDefaultInputs(308, 21) = Empty
    vntDefaultInputs(308, 22) = Empty
    vntDefaultInputs(308, 23) = Empty
    vntDefaultInputs(308, 24) = Empty
    vntDefaultInputs(308, 25) = Empty
    vntDefaultInputs(308, 26) = Empty
    vntDefaultInputs(308, 27) = Empty
    vntDefaultInputs(308, 28) = Empty
    vntDefaultInputs(308, 29) = Empty
    vntDefaultInputs(308, 30) = Empty
    vntDefaultInputs(308, 31) = Empty
    vntDefaultInputs(308, 32) = Empty
    vntDefaultInputs(308, 33) = Empty
    vntDefaultInputs(308, 34) = Empty
    vntDefaultInputs(308, 35) = Empty
    vntDefaultInputs(308, 36) = Empty
    vntDefaultInputs(308, 37) = Empty
    vntDefaultInputs(308, 38) = Empty
    vntDefaultInputs(308, 39) = Empty
    vntDefaultInputs(308, 40) = Empty
    vntDefaultInputs(308, 41) = Empty
    vntDefaultInputs(308, 42) = Empty
    vntDefaultInputs(308, 43) = Empty
    vntDefaultInputs(308, 44) = Empty
    vntDefaultInputs(308, 45) = Empty
    vntDefaultInputs(308, 46) = Empty
    vntDefaultInputs(309, 1) = 20
    vntDefaultInputs(309, 2) = 1
    vntDefaultInputs(309, 3) = 4
    vntDefaultInputs(309, 4) = 0.74
    vntDefaultInputs(309, 5) = ""MGD""
    vntDefaultInputs(309, 6) = 0.251
    vntDefaultInputs(309, 7) = ""MGD""
    vntDefaultInputs(309, 8) = Empty
    vntDefaultInputs(309, 9) = Empty
    vntDefaultInputs(309, 10) = Empty
    vntDefaultInputs(309, 11) = Empty
    vntDefaultInputs(309, 12) = Empty
    vntDefaultInputs(309, 13) = Empty
    vntDefaultInputs(309, 14) = Empty
    vntDefaultInputs(309, 15) = Empty
    vntDefaultInputs(309, 16) = Empty
    vntDefaultInputs(309, 17) = Empty
    vntDefaultInputs(309, 18) = Empty
    vntDefaultInputs(309, 19) = Empty
    vntDefaultInputs(309, 20) = Empty
    vntDefaultInputs(309, 21) = Empty
    vntDefaultInputs(309, 22) = Empty
    vntDefaultInputs(309, 23) = Empty
    vntDefaultInputs(309, 24) = Empty
    vntDefaultInputs(309, 25) = Empty
    vntDefaultInputs(309, 26) = Empty
    vntDefaultInputs(309, 27) = Empty
    vntDefaultInputs(309, 28) = Empty
    vntDefaultInputs(309, 29) = Empty
    vntDefaultInputs(309, 30) = Empty
    vntDefaultInputs(309, 31) = Empty
    vntDefaultInputs(309, 32) = Empty
    vntDefaultInputs(309, 33) = Empty
    vntDefaultInputs(309, 34) = Empty
    vntDefaultInputs(309, 35) = Empty
    vntDefaultInputs(309, 36) = Empty
    vntDefaultInputs(309, 37) = Empty
    vntDefaultInputs(309, 38) = Empty
    vntDefaultInputs(309, 39) = Empty
    vntDefaultInputs(309, 40) = Empty
    vntDefaultInputs(309, 41) = Empty
    vntDefaultInputs(309, 42) = Empty
    vntDefaultInputs(309, 43) = Empty
    vntDefaultInputs(309, 44) = Empty
    vntDefaultInputs(309, 45) = Empty
    vntDefaultInputs(309, 46) = Empty
    vntDefaultInputs(310, 1) = 20
    vntDefaultInputs(310, 2) = 1
    vntDefaultInputs(310, 3) = 5
    vntDefaultInputs(310, 4) = 2.152
    vntDefaultInputs(310, 5) = ""MGD""
    vntDefaultInputs(310, 6) = 0.819
    vntDefaultInputs(310, 7) = ""MGD""
    vntDefaultInputs(310, 8) = Empty
    vntDefaultInputs(310, 9) = Empty
    vntDefaultInputs(310, 10) = Empty
    vntDefaultInputs(310, 11) = Empty
    vntDefaultInputs(310, 12) = Empty
    vntDefaultInputs(310, 13) = Empty
    vntDefaultInputs(310, 14) = Empty
    vntDefaultInputs(310, 15) = Empty
    vntDefaultInputs(310, 16) = Empty
    vntDefaultInputs(310, 17) = Empty
    vntDefaultInputs(310, 18) = Empty
    vntDefaultInputs(310, 19) = Empty
    vntDefaultInputs(310, 20) = Empty
    vntDefaultInputs(310, 21) = Empty
    vntDefaultInputs(310, 22) = Empty
    vntDefaultInputs(310, 23) = Empty
    vntDefaultInputs(310, 24) = Empty
    vntDefaultInputs(310, 25) = Empty
    vntDefaultInputs(310, 26) = Empty
    vntDefaultInputs(310, 27) = Empty
    vntDefaultInputs(310, 28) = Empty
    vntDefaultInputs(310, 29) = Empty
    vntDefaultInputs(310, 30) = Empty
    vntDefaultInputs(310, 31) = Empty
    vntDefaultInputs(310, 32) = Empty
    vntDefaultInputs(310, 33) = Empty
    vntDefaultInputs(310, 34) = Empty
    vntDefaultInputs(310, 35) = Empty
    vntDefaultInputs(310, 36) = Empty
    vntDefaultInputs(310, 37) = Empty
    vntDefaultInputs(310, 38) = Empty
    vntDefaultInputs(310, 39) = Empty
    vntDefaultInputs(310, 40) = Empty
    vntDefaultInputs(310, 41) = Empty
    vntDefaultInputs(310, 42) = Empty
    vntDefaultInputs(310, 43) = Empty
    vntDefaultInputs(310, 44) = Empty
    vntDefaultInputs(310, 45) = Empty
    vntDefaultInputs(310, 46) = Empty
    vntDefaultInputs(311, 1) = 20
    vntDefaultInputs(311, 2) = 1
    vntDefaultInputs(311, 3) = 6
    vntDefaultInputs(311, 4) = 7.365
    vntDefaultInputs(311, 5) = ""MGD""
    vntDefaultInputs(311, 6) = 3.2
    vntDefaultInputs(311, 7) = ""MGD""
    vntDefaultInputs(311, 8) = Empty
    vntDefaultInputs(311, 9) = Empty
    vntDefaultInputs(311, 10) = Empty
    vntDefaultInputs(311, 11) = Empty
    vntDefaultInputs(311, 12) = Empty
    vntDefaultInputs(311, 13) = Empty
    vntDefaultInputs(311, 14) = Empty
    vntDefaultInputs(311, 15) = Empty
    vntDefaultInputs(311, 16) = Empty
    vntDefaultInputs(311, 17) = Empty
    vntDefaultInputs(311, 18) = Empty
    vntDefaultInputs(311, 19) = Empty
    vntDefaultInputs(311, 20) = Empty
    vntDefaultInputs(311, 21) = Empty
    vntDefaultInputs(311, 22) = Empty
    vntDefaultInputs(311, 23) = Empty
    vntDefaultInputs(311, 24) = Empty
    vntDefaultInputs(311, 25) = Empty
    vntDefaultInputs(311, 26) = Empty
    vntDefaultInputs(311, 27) = Empty
    vntDefaultInputs(311, 28) = Empty
    vntDefaultInputs(311, 29) = Empty
    vntDefaultInputs(311, 30) = Empty
    vntDefaultInputs(311, 31) = Empty
    vntDefaultInputs(311, 32) = Empty
    vntDefaultInputs(311, 33) = Empty
    vntDefaultInputs(311, 34) = Empty
    vntDefaultInputs(311, 35) = Empty
    vntDefaultInputs(311, 36) = Empty
    vntDefaultInputs(311, 37) = Empty
    vntDefaultInputs(311, 38) = Empty
    vntDefaultInputs(311, 39) = Empty
    vntDefaultInputs(311, 40) = Empty
    vntDefaultInputs(311, 41) = Empty
    vntDefaultInputs(311, 42) = Empty
    vntDefaultInputs(311, 43) = Empty
    vntDefaultInputs(311, 44) = Empty
    vntDefaultInputs(311, 45) = Empty
    vntDefaultInputs(311, 46) = Empty
    vntDefaultInputs(312, 1) = 20
    vntDefaultInputs(312, 2) = 1
    vntDefaultInputs(312, 3) = 7
    vntDefaultInputs(312, 4) = 22.614
    vntDefaultInputs(312, 5) = ""MGD""
    vntDefaultInputs(312, 6) = 11.066
    vntDefaultInputs(312, 7) = ""MGD""
    vntDefaultInputs(312, 8) = Empty
    vntDefaultInputs(312, 9) = Empty
    vntDefaultInputs(312, 10) = Empty
    vntDefaultInputs(312, 11) = Empty
    vntDefaultInputs(312, 12) = Empty
    vntDefaultInputs(312, 13) = Empty
    vntDefaultInputs(312, 14) = Empty
    vntDefaultInputs(312, 15) = Empty
    vntDefaultInputs(312, 16) = Empty
    vntDefaultInputs(312, 17) = Empty
    vntDefaultInputs(312, 18) = Empty
    vntDefaultInputs(312, 19) = Empty
    vntDefaultInputs(312, 20) = Empty
    vntDefaultInputs(312, 21) = Empty
    vntDefaultInputs(312, 22) = Empty
    vntDefaultInputs(312, 23) = Empty
    vntDefaultInputs(312, 24) = Empty
    vntDefaultInputs(312, 25) = Empty
    vntDefaultInputs(312, 26) = Empty
    vntDefaultInputs(312, 27) = Empty
    vntDefaultInputs(312, 28) = Empty
    vntDefaultInputs(312, 29) = Empty
    vntDefaultInputs(312, 30) = Empty
    vntDefaultInputs(312, 31) = Empty
    vntDefaultInputs(312, 32) = Empty
    vntDefaultInputs(312, 33) = Empty
    vntDefaultInputs(312, 34) = Empty
    vntDefaultInputs(312, 35) = Empty
    vntDefaultInputs(312, 36) = Empty
    vntDefaultInputs(312, 37) = Empty
    vntDefaultInputs(312, 38) = Empty
    vntDefaultInputs(312, 39) = Empty
    vntDefaultInputs(312, 40) = Empty
    vntDefaultInputs(312, 41) = Empty
    vntDefaultInputs(312, 42) = Empty
    vntDefaultInputs(312, 43) = Empty
    vntDefaultInputs(312, 44) = Empty
    vntDefaultInputs(312, 45) = Empty
    vntDefaultInputs(312, 46) = Empty
    vntDefaultInputs(313, 1) = 20
    vntDefaultInputs(313, 2) = 1
    vntDefaultInputs(313, 3) = 8
    vntDefaultInputs(313, 4) = 75.072
    vntDefaultInputs(313, 5) = ""MGD""
    vntDefaultInputs(313, 6) = 37.536
    vntDefaultInputs(313, 7) = ""MGD""
    vntDefaultInputs(313, 8) = Empty
    vntDefaultInputs(313, 9) = Empty
    vntDefaultInputs(313, 10) = Empty
    vntDefaultInputs(313, 11) = Empty
    vntDefaultInputs(313, 12) = Empty
    vntDefaultInputs(313, 13) = Empty
    vntDefaultInputs(313, 14) = Empty
    vntDefaultInputs(313, 15) = Empty
    vntDefaultInputs(313, 16) = Empty
    vntDefaultInputs(313, 17) = Empty
    vntDefaultInputs(313, 18) = Empty
    vntDefaultInputs(313, 19) = Empty
    vntDefaultInputs(313, 20) = Empty
    vntDefaultInputs(313, 21) = Empty
    vntDefaultInputs(313, 22) = Empty
    vntDefaultInputs(313, 23) = Empty
    vntDefaultInputs(313, 24) = Empty
    vntDefaultInputs(313, 25) = Empty
    vntDefaultInputs(313, 26) = Empty
    vntDefaultInputs(313, 27) = Empty
    vntDefaultInputs(313, 28) = Empty
    vntDefaultInputs(313, 29) = Empty
    vntDefaultInputs(313, 30) = Empty
    vntDefaultInputs(313, 31) = Empty
    vntDefaultInputs(313, 32) = Empty
    vntDefaultInputs(313, 33) = Empty
    vntDefaultInputs(313, 34) = Empty
    vntDefaultInputs(313, 35) = Empty
    vntDefaultInputs(313, 36) = Empty
    vntDefaultInputs(313, 37) = Empty
    vntDefaultInputs(313, 38) = Empty
    vntDefaultInputs(313, 39) = Empty
    vntDefaultInputs(313, 40) = Empty
    vntDefaultInputs(313, 41) = Empty
    vntDefaultInputs(313, 42) = Empty
    vntDefaultInputs(313, 43) = Empty
    vntDefaultInputs(313, 44) = Empty
    vntDefaultInputs(313, 45) = Empty
    vntDefaultInputs(313, 46) = Empty
    vntDefaultInputs(314, 1) = 20
    vntDefaultInputs(314, 2) = 2
    vntDefaultInputs(314, 3) = 1
    vntDefaultInputs(314, 4) = 0.03
    vntDefaultInputs(314, 5) = ""MGD""
    vntDefaultInputs(314, 6) = 0.007
    vntDefaultInputs(314, 7) = ""MGD""
    vntDefaultInputs(314, 8) = Empty
    vntDefaultInputs(314, 9) = Empty
    vntDefaultInputs(314, 10) = Empty
    vntDefaultInputs(314, 11) = Empty
    vntDefaultInputs(314, 12) = Empty
    vntDefaultInputs(314, 13) = Empty
    vntDefaultInputs(314, 14) = Empty
    vntDefaultInputs(314, 15) = Empty
    vntDefaultInputs(314, 16) = Empty
    vntDefaultInputs(314, 17) = Empty
    vntDefaultInputs(314, 18) = Empty
    vntDefaultInputs(314, 19) = Empty
    vntDefaultInputs(314, 20) = Empty
    vntDefaultInputs(314, 21) = Empty
    vntDefaultInputs(314, 22) = Empty
    vntDefaultInputs(314, 23) = Empty
    vntDefaultInputs(314, 24) = Empty
    vntDefaultInputs(314, 25) = Empty
    vntDefaultInputs(314, 26) = Empty
    vntDefaultInputs(314, 27) = Empty
    vntDefaultInputs(314, 28) = Empty
    vntDefaultInputs(314, 29) = Empty
    vntDefaultInputs(314, 30) = Empty
    vntDefaultInputs(314, 31) = Empty
    vntDefaultInputs(314, 32) = Empty
    vntDefaultInputs(314, 33) = Empty
    vntDefaultInputs(314, 34) = Empty
    vntDefaultInputs(314, 35) = Empty
    vntDefaultInputs(314, 36) = Empty
    vntDefaultInputs(314, 37) = Empty
    vntDefaultInputs(314, 38) = Empty
    vntDefaultInputs(314, 39) = Empty
    vntDefaultInputs(314, 40) = Empty
    vntDefaultInputs(314, 41) = Empty
    vntDefaultInputs(314, 42) = Empty
    vntDefaultInputs(314, 43) = Empty
    vntDefaultInputs(314, 44) = Empty
    vntDefaultInputs(314, 45) = Empty
    vntDefaultInputs(314, 46) = Empty
    vntDefaultInputs(315, 1) = 20
    vntDefaultInputs(315, 2) = 2
    vntDefaultInputs(315, 3) = 2
    vntDefaultInputs(315, 4) = 0.124
    vntDefaultInputs(315, 5) = ""MGD""
    vntDefaultInputs(315, 6) = 0.035
    vntDefaultInputs(315, 7) = ""MGD""
    vntDefaultInputs(315, 8) = Empty
    vntDefaultInputs(315, 9) = Empty
    vntDefaultInputs(315, 10) = Empty
    vntDefaultInputs(315, 11) = Empty
    vntDefaultInputs(315, 12) = Empty
    vntDefaultInputs(315, 13) = Empty
    vntDefaultInputs(315, 14) = Empty
    vntDefaultInputs(315, 15) = Empty
    vntDefaultInputs(315, 16) = Empty
    vntDefaultInputs(315, 17) = Empty
    vntDefaultInputs(315, 18) = Empty
    vntDefaultInputs(315, 19) = Empty
    vntDefaultInputs(315, 20) = Empty
    vntDefaultInputs(315, 21) = Empty
    vntDefaultInputs(315, 22) = Empty
    vntDefaultInputs(315, 23) = Empty
    vntDefaultInputs(315, 24) = Empty
    vntDefaultInputs(315, 25) = Empty
    vntDefaultInputs(315, 26) = Empty
    vntDefaultInputs(315, 27) = Empty
    vntDefaultInputs(315, 28) = Empty
    vntDefaultInputs(315, 29) = Empty
    vntDefaultInputs(315, 30) = Empty
    vntDefaultInputs(315, 31) = Empty
    vntDefaultInputs(315, 32) = Empty
    vntDefaultInputs(315, 33) = Empty
    vntDefaultInputs(315, 34) = Empty
    vntDefaultInputs(315, 35) = Empty
    vntDefaultInputs(315, 36) = Empty
    vntDefaultInputs(315, 37) = Empty
    vntDefaultInputs(315, 38) = Empty
    vntDefaultInputs(315, 39) = Empty
    vntDefaultInputs(315, 40) = Empty
    vntDefaultInputs(315, 41) = Empty
    vntDefaultInputs(315, 42) = Empty
    vntDefaultInputs(315, 43) = Empty
    vntDefaultInputs(315, 44) = Empty
    vntDefaultInputs(315, 45) = Empty
    vntDefaultInputs(315, 46) = Empty
    vntDefaultInputs(316, 1) = 20
    vntDefaultInputs(316, 2) = 2
    vntDefaultInputs(316, 3) = 3
    vntDefaultInputs(316, 4) = 0.305
    vntDefaultInputs(316, 5) = ""MGD""
    vntDefaultInputs(316, 6) = 0.094
    vntDefaultInputs(316, 7) = ""MGD""
    vntDefaultInputs(316, 8) = Empty
    vntDefaultInputs(316, 9) = Empty
    vntDefaultInputs(316, 10) = Empty
    vntDefaultInputs(316, 11) = Empty
    vntDefaultInputs(316, 12) = Empty
    vntDefaultInputs(316, 13) = Empty
    vntDefaultInputs(316, 14) = Empty
    vntDefaultInputs(316, 15) = Empty
    vntDefaultInputs(316, 16) = Empty
    vntDefaultInputs(316, 17) = Empty
    vntDefaultInputs(316, 18) = Empty
    vntDefaultInputs(316, 19) = Empty
    vntDefaultInputs(316, 20) = Empty
    vntDefaultInputs(316, 21) = Empty
    vntDefaultInputs(316, 22) = Empty
    vntDefaultInputs(316, 23) = Empty
    vntDefaultInputs(316, 24) = Empty
    vntDefaultInputs(316, 25) = Empty
    vntDefaultInputs(316, 26) = Empty
    vntDefaultInputs(316, 27) = Empty
    vntDefaultInputs(316, 28) = Empty
    vntDefaultInputs(316, 29) = Empty
    vntDefaultInputs(316, 30) = Empty
    vntDefaultInputs(316, 31) = Empty
    vntDefaultInputs(316, 32) = Empty
    vntDefaultInputs(316, 33) = Empty
    vntDefaultInputs(316, 34) = Empty
    vntDefaultInputs(316, 35) = Empty
    vntDefaultInputs(316, 36) = Empty
    vntDefaultInputs(316, 37) = Empty
    vntDefaultInputs(316, 38) = Empty
    vntDefaultInputs(316, 39) = Empty
    vntDefaultInputs(316, 40) = Empty
    vntDefaultInputs(316, 41) = Empty
    vntDefaultInputs(316, 42) = Empty
    vntDefaultInputs(316, 43) = Empty
    vntDefaultInputs(316, 44) = Empty
    vntDefaultInputs(316, 45) = Empty
    vntDefaultInputs(316, 46) = Empty
    vntDefaultInputs(317, 1) = 20
    vntDefaultInputs(317, 2) = 2
    vntDefaultInputs(317, 3) = 4
    vntDefaultInputs(317, 4) = 0.74
    vntDefaultInputs(317, 5) = ""MGD""
    vntDefaultInputs(317, 6) = 0.251
    vntDefaultInputs(317, 7) = ""MGD""
    vntDefaultInputs(317, 8) = Empty
    vntDefaultInputs(317, 9) = Empty
    vntDefaultInputs(317, 10) = Empty
    vntDefaultInputs(317, 11) = Empty
    vntDefaultInputs(317, 12) = Empty
    vntDefaultInputs(317, 13) = Empty
    vntDefaultInputs(317, 14) = Empty
    vntDefaultInputs(317, 15) = Empty
    vntDefaultInputs(317, 16) = Empty
    vntDefaultInputs(317, 17) = Empty
    vntDefaultInputs(317, 18) = Empty
    vntDefaultInputs(317, 19) = Empty
    vntDefaultInputs(317, 20) = Empty
    vntDefaultInputs(317, 21) = Empty
    vntDefaultInputs(317, 22) = Empty
    vntDefaultInputs(317, 23) = Empty
    vntDefaultInputs(317, 24) = Empty
    vntDefaultInputs(317, 25) = Empty
    vntDefaultInputs(317, 26) = Empty
    vntDefaultInputs(317, 27) = Empty
    vntDefaultInputs(317, 28) = Empty
    vntDefaultInputs(317, 29) = Empty
    vntDefaultInputs(317, 30) = Empty
    vntDefaultInputs(317, 31) = Empty
    vntDefaultInputs(317, 32) = Empty
    vntDefaultInputs(317, 33) = Empty
    vntDefaultInputs(317, 34) = Empty
    vntDefaultInputs(317, 35) = Empty
    vntDefaultInputs(317, 36) = Empty
    vntDefaultInputs(317, 37) = Empty
    vntDefaultInputs(317, 38) = Empty
    vntDefaultInputs(317, 39) = Empty
    vntDefaultInputs(317, 40) = Empty
    vntDefaultInputs(317, 41) = Empty
    vntDefaultInputs(317, 42) = Empty
    vntDefaultInputs(317, 43) = Empty
    vntDefaultInputs(317, 44) = Empty
    vntDefaultInputs(317, 45) = Empty
    vntDefaultInputs(317, 46) = Empty
    vntDefaultInputs(318, 1) = 20
    vntDefaultInputs(318, 2) = 2
    vntDefaultInputs(318, 3) = 5
    vntDefaultInputs(318, 4) = 2.152
    vntDefaultInputs(318, 5) = ""MGD""
    vntDefaultInputs(318, 6) = 0.819
    vntDefaultInputs(318, 7) = ""MGD""
    vntDefaultInputs(318, 8) = Empty
    vntDefaultInputs(318, 9) = Empty
    vntDefaultInputs(318, 10) = Empty
    vntDefaultInputs(318, 11) = Empty
    vntDefaultInputs(318, 12) = Empty
    vntDefaultInputs(318, 13) = Empty
    vntDefaultInputs(318, 14) = Empty
    vntDefaultInputs(318, 15) = Empty
    vntDefaultInputs(318, 16) = Empty
    vntDefaultInputs(318, 17) = Empty
    vntDefaultInputs(318, 18) = Empty
    vntDefaultInputs(318, 19) = Empty
    vntDefaultInputs(318, 20) = Empty
    vntDefaultInputs(318, 21) = Empty
    vntDefaultInputs(318, 22) = Empty
    vntDefaultInputs(318, 23) = Empty
    vntDefaultInputs(318, 24) = Empty
    vntDefaultInputs(318, 25) = Empty
    vntDefaultInputs(318, 26) = Empty
    vntDefaultInputs(318, 27) = Empty
    vntDefaultInputs(318, 28) = Empty
    vntDefaultInputs(318, 29) = Empty
    vntDefaultInputs(318, 30) = Empty
    vntDefaultInputs(318, 31) = Empty
    vntDefaultInputs(318, 32) = Empty
    vntDefaultInputs(318, 33) = Empty
    vntDefaultInputs(318, 34) = Empty
    vntDefaultInputs(318, 35) = Empty
    vntDefaultInputs(318, 36) = Empty
    vntDefaultInputs(318, 37) = Empty
    vntDefaultInputs(318, 38) = Empty
    vntDefaultInputs(318, 39) = Empty
    vntDefaultInputs(318, 40) = Empty
    vntDefaultInputs(318, 41) = Empty
    vntDefaultInputs(318, 42) = Empty
    vntDefaultInputs(318, 43) = Empty
    vntDefaultInputs(318, 44) = Empty
    vntDefaultInputs(318, 45) = Empty
    vntDefaultInputs(318, 46) = Empty
    vntDefaultInputs(319, 1) = 20
    vntDefaultInputs(319, 2) = 2
    vntDefaultInputs(319, 3) = 6
    vntDefaultInputs(319, 4) = 7.365
    vntDefaultInputs(319, 5) = ""MGD""
    vntDefaultInputs(319, 6) = 3.2
    vntDefaultInputs(319, 7) = ""MGD""
    vntDefaultInputs(319, 8) = Empty
    vntDefaultInputs(319, 9) = Empty
    vntDefaultInputs(319, 10) = Empty
    vntDefaultInputs(319, 11) = Empty
    vntDefaultInputs(319, 12) = Empty
    vntDefaultInputs(319, 13) = Empty
    vntDefaultInputs(319, 14) = Empty
    vntDefaultInputs(319, 15) = Empty
    vntDefaultInputs(319, 16) = Empty
    vntDefaultInputs(319, 17) = Empty
    vntDefaultInputs(319, 18) = Empty
    vntDefaultInputs(319, 19) = Empty
    vntDefaultInputs(319, 20) = Empty
    vntDefaultInputs(319, 21) = Empty
    vntDefaultInputs(319, 22) = Empty
    vntDefaultInputs(319, 23) = Empty
    vntDefaultInputs(319, 24) = Empty
    vntDefaultInputs(319, 25) = Empty
    vntDefaultInputs(319, 26) = Empty
    vntDefaultInputs(319, 27) = Empty
    vntDefaultInputs(319, 28) = Empty
    vntDefaultInputs(319, 29) = Empty
    vntDefaultInputs(319, 30) = Empty
    vntDefaultInputs(319, 31) = Empty
    vntDefaultInputs(319, 32) = Empty
    vntDefaultInputs(319, 33) = Empty
    vntDefaultInputs(319, 34) = Empty
    vntDefaultInputs(319, 35) = Empty
    vntDefaultInputs(319, 36) = Empty
    vntDefaultInputs(319, 37) = Empty
    vntDefaultInputs(319, 38) = Empty
    vntDefaultInputs(319, 39) = Empty
    vntDefaultInputs(319, 40) = Empty
    vntDefaultInputs(319, 41) = Empty
    vntDefaultInputs(319, 42) = Empty
    vntDefaultInputs(319, 43) = Empty
    vntDefaultInputs(319, 44) = Empty
    vntDefaultInputs(319, 45) = Empty
    vntDefaultInputs(319, 46) = Empty
    vntDefaultInputs(320, 1) = 20
    vntDefaultInputs(320, 2) = 2
    vntDefaultInputs(320, 3) = 7
    vntDefaultInputs(320, 4) = 22.614
    vntDefaultInputs(320, 5) = ""MGD""
    vntDefaultInputs(320, 6) = 11.066
    vntDefaultInputs(320, 7) = ""MGD""
    vntDefaultInputs(320, 8) = Empty
    vntDefaultInputs(320, 9) = Empty
    vntDefaultInputs(320, 10) = Empty
    vntDefaultInputs(320, 11) = Empty
    vntDefaultInputs(320, 12) = Empty
    vntDefaultInputs(320, 13) = Empty
    vntDefaultInputs(320, 14) = Empty
    vntDefaultInputs(320, 15) = Empty
    vntDefaultInputs(320, 16) = Empty
    vntDefaultInputs(320, 17) = Empty
    vntDefaultInputs(320, 18) = Empty
    vntDefaultInputs(320, 19) = Empty
    vntDefaultInputs(320, 20) = Empty
    vntDefaultInputs(320, 21) = Empty
    vntDefaultInputs(320, 22) = Empty
    vntDefaultInputs(320, 23) = Empty
    vntDefaultInputs(320, 24) = Empty
    vntDefaultInputs(320, 25) = Empty
    vntDefaultInputs(320, 26) = Empty
    vntDefaultInputs(320, 27) = Empty
    vntDefaultInputs(320, 28) = Empty
    vntDefaultInputs(320, 29) = Empty
    vntDefaultInputs(320, 30) = Empty
    vntDefaultInputs(320, 31) = Empty
    vntDefaultInputs(320, 32) = Empty
    vntDefaultInputs(320, 33) = Empty
    vntDefaultInputs(320, 34) = Empty
    vntDefaultInputs(320, 35) = Empty
    vntDefaultInputs(320, 36) = Empty
    vntDefaultInputs(320, 37) = Empty
    vntDefaultInputs(320, 38) = Empty
    vntDefaultInputs(320, 39) = Empty
    vntDefaultInputs(320, 40) = Empty
    vntDefaultInputs(320, 41) = Empty
    vntDefaultInputs(320, 42) = Empty
    vntDefaultInputs(320, 43) = Empty
    vntDefaultInputs(320, 44) = Empty
    vntDefaultInputs(320, 45) = Empty
    vntDefaultInputs(320, 46) = Empty
    vntDefaultInputs(321, 1) = 20
    vntDefaultInputs(321, 2) = 2
    vntDefaultInputs(321, 3) = 8
    vntDefaultInputs(321, 4) = 75.072
    vntDefaultInputs(321, 5) = ""MGD""
    vntDefaultInputs(321, 6) = 37.536
    vntDefaultInputs(321, 7) = ""MGD""
    vntDefaultInputs(321, 8) = Empty
    vntDefaultInputs(321, 9) = Empty
    vntDefaultInputs(321, 10) = Empty
    vntDefaultInputs(321, 11) = Empty
    vntDefaultInputs(321, 12) = Empty
    vntDefaultInputs(321, 13) = Empty
    vntDefaultInputs(321, 14) = Empty
    vntDefaultInputs(321, 15) = Empty
    vntDefaultInputs(321, 16) = Empty
    vntDefaultInputs(321, 17) = Empty
    vntDefaultInputs(321, 18) = Empty
    vntDefaultInputs(321, 19) = Empty
    vntDefaultInputs(321, 20) = Empty
    vntDefaultInputs(321, 21) = Empty
    vntDefaultInputs(321, 22) = Empty
    vntDefaultInputs(321, 23) = Empty
    vntDefaultInputs(321, 24) = Empty
    vntDefaultInputs(321, 25) = Empty
    vntDefaultInputs(321, 26) = Empty
    vntDefaultInputs(321, 27) = Empty
    vntDefaultInputs(321, 28) = Empty
    vntDefaultInputs(321, 29) = Empty
    vntDefaultInputs(321, 30) = Empty
    vntDefaultInputs(321, 31) = Empty
    vntDefaultInputs(321, 32) = Empty
    vntDefaultInputs(321, 33) = Empty
    vntDefaultInputs(321, 34) = Empty
    vntDefaultInputs(321, 35) = Empty
    vntDefaultInputs(321, 36) = Empty
    vntDefaultInputs(321, 37) = Empty
    vntDefaultInputs(321, 38) = Empty
    vntDefaultInputs(321, 39) = Empty
    vntDefaultInputs(321, 40) = Empty
    vntDefaultInputs(321, 41) = Empty
    vntDefaultInputs(321, 42) = Empty
    vntDefaultInputs(321, 43) = Empty
    vntDefaultInputs(321, 44) = Empty
    vntDefaultInputs(321, 45) = Empty
    vntDefaultInputs(321, 46) = Empty

    rngStdInputs1 = vntDefaultInputs
End Sub
",15059
xl/vbaProject.bin,VBA/Sheet10,Sheet10.cls,"Attribute VB_Name = ""Sheet10""
Attribute VB_Base = ""0{00020820-0000-0000-C000-000000000046}""
Attribute VB_GlobalNameSpace = False
Attribute VB_Creatable = False
Attribute VB_PredeclaredId = True
Attribute VB_Exposed = True
Attribute VB_TemplateDerived = False
Attribute VB_Customizable = True
",9
xl/vbaProject.bin,VBA/Bldg_Pmt_Cost_Macro,Bldg_Pmt_Cost_Macro.bas,"Attribute VB_Name = ""Bldg_Pmt_Cost_Macro""
Option Explicit
Public Const ElecValuationPercent As Double = 0.09  'Based on medium quality building with heating and cooling (ranges from 8.8%-9.3% over 500-50,000 sf)
Public Const MechValuationPercent As Double = 0.327 'Based on medium quality building with heating and cooling
Public Const HeatValuationPercent As Double = 0.095 'Based on medium quality building with heating and cooling
Public Const CoolingValuationPercent As Double = 0.232 'Based on medium quality building with heating and cooling

Function RoundUp0(X As Double) As Double
'slower, but much less to write out - makes things clearer...
RoundUp0 = Application.WorksheetFunction.RoundUp(X, 0)
End Function

Function BPCost_UBC97(Valuation As Double) As Double

Select Case Valuation
    Case 0
        BPCost_UBC97 = 0
    Case 1 To 500
        BPCost_UBC97 = 23.5
    Case 501 To 2000
        BPCost_UBC97 = 23.5 + RoundUp0((Valuation - 500) / 100) * 3.05
    Case 2001 To 25000
        BPCost_UBC97 = 69.25 + RoundUp0((Valuation - 2000) / 1000) * 14
    Case 25001 To 50000
        BPCost_UBC97 = 391.75 + RoundUp0((Valuation - 25000) / 1000) * 10.1
    Case 50001 To 100000
        BPCost_UBC97 = 643.75 + RoundUp0((Valuation - 50000) / 1000) * 7
    Case 100001 To 500000
        BPCost_UBC97 = 993.75 + RoundUp0((Valuation - 100000) / 1000) * 5.6
    Case 500001 To 1000000
        BPCost_UBC97 = 3233.75 + RoundUp0((Valuation - 500000) / 1000) * 4.75
    Case Is > 1000000
        BPCost_UBC97 = 5608.75 + RoundUp0((Valuation - 1000000) / 1000) * 3.65
    End Select
End Function

",37
xl/vbaProject.bin,VBA/Sheet23,Sheet23.cls,"Attribute VB_Name = ""Sheet23""
Attribute VB_Base = ""0{00020820-0000-0000-C000-000000000046}""
Attribute VB_GlobalNameSpace = False
Attribute VB_Creatable = False
Attribute VB_PredeclaredId = True
Attribute VB_Exposed = True
Attribute VB_TemplateDerived = False
Attribute VB_Customizable = True
",9
xl/vbaProject.bin,VBA/Sheet26,Sheet26.cls,"Attribute VB_Name = ""Sheet26""
Attribute VB_Base = ""0{00020820-0000-0000-C000-000000000046}""
Attribute VB_GlobalNameSpace = False
Attribute VB_Creatable = False
Attribute VB_PredeclaredId = True
Attribute VB_Exposed = True
Attribute VB_TemplateDerived = False
Attribute VB_Customizable = True
",9
xl/vbaProject.bin,VBA/Sheet22,Sheet22.cls,"Attribute VB_Name = ""Sheet22""
Attribute VB_Base = ""0{00020820-0000-0000-C000-000000000046}""
Attribute VB_GlobalNameSpace = False
Attribute VB_Creatable = False
Attribute VB_PredeclaredId = True
Attribute VB_Exposed = True
Attribute VB_TemplateDerived = False
Attribute VB_Customizable = True
",9
xl/vbaProject.bin,VBA/Sheet25,Sheet25.cls,"Attribute VB_Name = ""Sheet25""
Attribute VB_Base = ""0{00020820-0000-0000-C000-000000000046}""
Attribute VB_GlobalNameSpace = False
Attribute VB_Creatable = False
Attribute VB_PredeclaredId = True
Attribute VB_Exposed = True
Attribute VB_TemplateDerived = False
Attribute VB_Customizable = True
",9
xl/vbaProject.bin,VBA/frmTDBlink2,frmTDBlink2.frm,"Attribute VB_Name = ""frmTDBlink2""
Attribute VB_Base = ""0{26291E26-8C4F-49AB-BEE8-35FBB3C3F5BB}{9F6EC78F-2A12-40AF-BC51-EA625EB93559}""
Attribute VB_GlobalNameSpace = False
Attribute VB_Creatable = False
Attribute VB_PredeclaredId = True
Attribute VB_Exposed = False
Attribute VB_TemplateDerived = False
Attribute VB_Customizable = False
Private Sub cmdCancel_Click()
    Call Me.Hide
End Sub

Private Sub cmdGoToTDB_Click()
Dim strLink As String

    strLink = ThisWorkbook.Worksheets(""Lookup Tables"").Range(""TDB_link_isotherm"").Value
    
    ActiveWorkbook.FollowHyperlink _
        Address:=strLink, _
        NewWindow:=True

End Sub
",23
xl/vbaProject.bin,VBA/frmTDBlink,frmTDBlink.frm,"Attribute VB_Name = ""frmTDBlink""
Attribute VB_Base = ""0{8E98C964-0E2B-49E7-B941-C2BCE59DC31E}{B8A665E5-1BB1-4228-8D8D-C09C3515204A}""
Attribute VB_GlobalNameSpace = False
Attribute VB_Creatable = False
Attribute VB_PredeclaredId = True
Attribute VB_Exposed = False
Attribute VB_TemplateDerived = False
Attribute VB_Customizable = False
Private Sub cmdCancel_Click()
    Call Me.Hide
End Sub

Private Sub cmdGoToTDB_Click()
Dim strLink As String

    strLink = ThisWorkbook.Worksheets(""Lookup Tables"").Range(""TDB_link"").Value
    
    ActiveWorkbook.FollowHyperlink _
        Address:=strLink, _
        NewWindow:=True

End Sub
",23
xl/vbaProject.bin,VBA/CheckAutosize,CheckAutosize.bas,"Attribute VB_Name = ""CheckAutosize""
' 3/31/22  SS  CheckOptimalFit
Public Sub CheckOptimalFit(Optional ByVal rngA As String = ""inp_autosize"", _
                            Optional ByVal rngB As String = ""inp_used_vessels"", _
                            Optional ByVal autosize As String = ""AutosizeInteractive"")
    Dim wsStdInputs As Worksheet
    Dim optimalRange As Range
    Dim currentRange As Range
    Dim idx As Integer
    Dim answer As Integer
    
    Set wsStdInputs = ThisWorkbook.Worksheets(""Standard Inputs"")
    With wsStdInputs
        Set optimalRange = .Range(rngA)
        Set currentRange = .Range(rngB)
    End With
    
    idx = optimalRange.Count
    While idx > 0
        
        If Not optimalRange.Cells.Item(idx) = currentRange.Cells.Item(idx) Then
            If (currentRange.Cells.Item(idx).Value = """") Then
                Exit Sub ' Exit if blank, since it means another autosize is enabled
            End If
            answer = MsgBox(""Contactor size may not be optimal."" & vbNewLine & _
                            ""Do you want to run autosize?"" & vbNewLine & _
                            ""Click No to run with current values."", vbYesNo + vbQuestion)
            If answer = vbYes Then
                Run (autosize)
                Exit Sub
            Else
                Exit Sub
            End If
        End If
        idx = idx - 1
    Wend
End Sub


",40
xl/vbaProject.bin,VBA/Sheet16,Sheet16.cls,"Attribute VB_Name = ""Sheet16""
Attribute VB_Base = ""0{00020820-0000-0000-C000-000000000046}""
Attribute VB_GlobalNameSpace = False
Attribute VB_Creatable = False
Attribute VB_PredeclaredId = True
Attribute VB_Exposed = True
Attribute VB_TemplateDerived = False
Attribute VB_Customizable = True
",9
xl/vbaProject.bin,VBA/Sheet24,Sheet24.cls,"Attribute VB_Name = ""Sheet24""
Attribute VB_Base = ""0{00020820-0000-0000-C000-000000000046}""
Attribute VB_GlobalNameSpace = False
Attribute VB_Creatable = False
Attribute VB_PredeclaredId = True
Attribute VB_Exposed = True
Attribute VB_TemplateDerived = False
Attribute VB_Customizable = True
",9
